2001 4 2 2203 6604 1 0 0 0 1 9 "Owner-Occupied" 629470
2021 1 1 1557 4567 1 0 0 0 5 1 "Owner-Occupied" 738810
2017 3 1 1891 8871 1 1 0 0 4 9 "Owner-Occupied" 1383862
2015 4 3 2330 6469 1 0 0 0 1 6 "Owner-Occupied" 547199
2020 2 1 1206 4055 0 0 0 0 8 3 "Rental" 477499
2016 2 1 1312 5331 0 0 0 0 8 2 "Rental" 364126
2019 4 3 2308 8629 1 1 0 1 3 7 "Owner-Occupied" 863472
2007 3 1 2017 5648 1 1 0 0 8 8 "Owner-Occupied" 714330
2001 2 1 1328 6165 0 1 0 0 6 2 "Rental" 298017
2017 2 1 1236 3428 0 0 0 1 8 1 "Rental" 792580
2021 2 1 1827 8164 1 0 0 0 8 8 "Owner-Occupied" 1442014
2021 2 1 1093 4365 0 1 0 0 4 3 "Rental" 609420
2012 1 1 1137 3739 0 0 0 0 1 3 "Rental" 327888
1971 3 2 1195 4968 0 0 1 0 5 8 "Owner-Occupied" 329696
2018 2 1 1890 8437 1 0 0 0 7 4 "Owner-Occupied" 774079
2017 1 1 1159 4964 0 0 0 0 6 6 "Rental" 480340
2005 6 3 2726 12349 1 0 1 0 3 10 "Owner-Occupied" 889589
2019 3 2 1418 5489 0 1 0 0 4 6 "Owner-Occupied" 986437
2015 2 2 1256 3434 0 1 0 0 9 2 "Rental" 551285
2014 2 1 1104 4448 0 0 0 0 4 1 "Rental" 243509
2007 4 3 2372 9638 1 0 0 0 1 8 "Owner-Occupied" 549831
1993 3 1 1770 9145 1 0 0 0 6 4 "Owner-Occupied" 472849
2021 8 3 3045 6911 1 1 1 0 1 7 "Owner-Occupied" 1576934
1986 1 1 1088 1962 0 0 0 1 6 1 "Owner-Occupied" 127212
2007 3 1 1292 4226 0 1 0 0 9 6 "Rental" 677146
2018 2 1 1545 4998 1 0 0 0 5 2 "Owner-Occupied" 508216
2019 3 1 1885 6698 1 0 0 0 7 9 "Owner-Occupied" 724131
2019 4 2 1999 5771 1 1 0 0 2 7 "Owner-Occupied" 837615
1981 3 2 1934 7643 1 0 0 0 8 8 "Owner-Occupied" 610364
2018 4 3 2366 10440 1 1 0 0 1 10 "Owner-Occupied" 689260
2021 4 3 2206 8387 1 1 1 0 3 10 "Owner-Occupied" 1084951
2004 4 1 2009 9145 1 1 0 0 2 10 "Owner-Occupied" 781287
2002 3 2 2001 7460 1 1 0 0 9 5 "Owner-Occupied" 773502
2020 2 1 1691 7195 1 0 1 0 4 7 "Owner-Occupied" 581347
2015 3 2 1825 8148 1 1 0 0 4 4 "Owner-Occupied" 611093
2019 4 2 2097 7720 1 0 0 0 1 8 "Owner-Occupied" 802818
2000 3 2 1364 4090 0 0 1 0 9 4 "Owner-Occupied" 512294
2019 3 1 1602 6840 1 0 0 0 5 3 "Owner-Occupied" 539737
2007 4 3 2240 9125 1 1 0 0 1 10 "Owner-Occupied" 626746
2019 2 1 1813 6063 1 0 0 0 4 3 "Owner-Occupied" 471574
2019 3 1 1810 7891 1 0 0 0 7 7 "Owner-Occupied" 670020
2015 3 1 1784 6431 1 1 0 0 9 4 "Owner-Occupied" 728857
2006 3 2 1771 6827 1 1 0 0 6 5 "Owner-Occupied" 531945
2021 6 3 2680 7570 1 1 1 1 1 8 "Owner-Occupied" 1237636
2000 3 1 1724 9782 1 1 0 0 7 9 "Owner-Occupied" 564301
1967 1 1 1122 4122 0 0 0 1 2 5 "Rental" 1167829
2021 4 3 1729 6909 0 1 0 0 1 9 "Owner-Occupied" 610401
2021 2 1 1003 3471 0 0 0 0 8 4 "Rental" 811939
2002 6 3 2575 7949 1 1 1 0 2 9 "Owner-Occupied" 806183
1990 2 1 1182 4317 0 0 1 0 9 4 "Rental" 411106
2018 3 1 1742 6872 1 0 0 0 8 5 "Rental" 823629
1999 3 2 1709 5131 1 1 0 0 9 1 "Owner-Occupied" 538990
2021 3 2 1948 9784 1 0 1 0 7 8 "Owner-Occupied" 1123462
2008 4 3 2373 12126 1 1 1 0 1 10 "Owner-Occupied" 1268100
2019 3 2 2087 6123 1 1 0 0 8 2 "Owner-Occupied" 892392
2016 4 2 2187 9686 1 0 1 0 1 9 "Owner-Occupied" 878450
2021 2 1 1755 7126 1 1 0 0 3 2 "Rental" 656255
1972 3 2 1991 10441 1 1 0 0 2 6 "Owner-Occupied" 409325
1998 3 2 2012 5882 1 1 0 0 9 5 "Rental" 755657
2015 2 1 1077 3572 0 1 0 0 7 2 "Rental" 409095
2013 2 1 1148 3766 0 0 0 0 5 1 "Rental" 283504
2021 6 3 2493 9628 1 1 1 0 1 9 "Owner-Occupied" 2058161
2015 4 3 2578 10169 1 1 0 0 3 8 "Owner-Occupied" 793584
2021 2 1 1405 6073 0 0 0 0 3 1 "Rental" 307044
2017 4 3 2047 9257 1 0 0 0 1 10 "Owner-Occupied" 750475
1977 3 1 1891 5936 1 1 0 0 8 6 "Owner-Occupied" 490126
1995 3 2 2129 9968 1 1 0 1 7 7 "Owner-Occupied" 602696
2019 4 2 1491 4371 0 0 0 0 3 7 "Owner-Occupied" 562612
2011 2 1 1100 5239 0 1 0 0 6 1 "Rental" 332963
2012 3 1 1321 5427 0 0 0 1 9 2 "Owner-Occupied" 560379
2021 3 2 1904 6506 1 0 0 0 5 4 "Owner-Occupied" 671448
2020 3 2 1902 9965 1 1 0 1 7 10 "Owner-Occupied" 1037687
1999 3 2 1898 7380 1 0 0 0 6 6 "Owner-Occupied" 469447
2021 2 1 1252 4601 0 0 0 0 9 3 "Rental" 912471
2007 3 1 1602 5066 0 1 0 0 7 3 "Owner-Occupied" 445929
2020 2 2 1623 7729 1 0 0 0 8 2 "Rental" 668121
2015 3 2 2075 8673 1 1 0 0 8 9 "Rental" 1005879
2019 3 2 1790 7905 1 0 1 0 6 8 "Owner-Occupied" 1012109
2014 2 1 1652 6123 1 0 1 0 8 5 "Owner-Occupied" 720714
2021 3 2 2003 7476 1 1 0 0 9 7 "Rental" 1022608
2010 2 1 1214 3512 0 0 0 0 6 2 "Rental" 422044
2006 3 2 2241 7782 1 0 0 0 5 4 "Owner-Occupied" 496442
2019 3 2 1848 7422 1 0 0 0 9 6 "Rental" 964805
2011 2 2 1114 4270 0 0 0 0 6 4 "Rental" 389037
1992 4 2 2183 10311 1 1 0 0 1 10 "Owner-Occupied" 620297
2006 2 1 1168 3876 0 1 0 0 7 1 "Rental" 360205
1996 3 2 2059 8433 1 1 0 1 8 5 "Owner-Occupied" 645069
1992 3 2 1854 7158 1 1 0 0 4 7 "Rental" 773992
2021 3 2 2168 10107 1 0 0 0 5 9 "Rental" 849777
2021 3 2 1787 8660 1 0 0 0 8 8 "Owner-Occupied" 993763
1975 2 2 1205 5468 0 0 0 0 5 3 "Rental" 401459
2019 3 2 1899 7968 1 0 0 0 9 8 "Rental" 901421
1994 3 2 1800 6707 1 1 0 0 6 8 "Owner-Occupied" 1130270
2004 1 1 1119 4403 0 0 0 0 6 1 "Rental" 307223
2005 1 1 905 3987 0 0 0 0 6 5 "Rental" 465140
2009 4 2 2196 6271 1 1 0 0 2 8 "Owner-Occupied" 1209588
2017 3 1 1892 5116 1 1 0 0 8 4 "Owner-Occupied" 646651
2020 2 1 1036 3473 0 0 0 0 9 2 "Rental" 646357
1990 4 3 2335 11019 1 0 0 0 1 10 "Owner-Occupied" 656416
2015 2 1 1357 5843 0 0 0 0 4 5 "Rental" 278439
2005 2 1 1773 5000 1 0 0 0 3 6 "Owner-Occupied" 280333
2006 3 2 2036 12327 1 0 0 0 6 10 "Rental" 1037758
1985 3 2 1853 7165 1 1 0 0 8 7 "Owner-Occupied" 536544
2020 3 2 2111 8705 1 0 1 0 7 9 "Owner-Occupied" 1120955
2020 1 1 1160 4624 0 0 0 0 2 2 "Rental" 404243
2007 6 3 2705 10332 1 1 1 0 1 9 "Owner-Occupied" 941989
2021 4 3 2338 10104 1 0 0 0 1 9 "Owner-Occupied" 1216821
1972 4 2 2074 9430 1 1 0 0 1 9 "Owner-Occupied" 402219
2008 2 1 1128 4544 0 0 0 0 4 4 "Rental" 248864
2012 3 2 2049 8086 1 1 1 0 9 8 "Owner-Occupied" 969464
2021 2 2 1307 4872 0 0 0 0 9 8 "Rental" 606779
2021 4 3 2401 10830 1 0 0 0 1 7 "Owner-Occupied" 824828
2019 4 2 2123 7723 1 1 0 1 3 8 "Owner-Occupied" 921345
2007 2 1 1116 3410 0 1 0 0 8 8 "Rental" 508008
2014 2 2 1349 3860 0 1 0 1 9 4 "Rental" 619844
2021 2 1 1069 3727 0 0 0 0 2 1 "Rental" 285637
2020 3 2 1839 4982 1 1 0 0 9 7 "Owner-Occupied" 871083
2019 3 2 1861 7302 1 1 0 0 10 3 "Rental" 981525
2017 2 1 1800 8639 1 0 0 0 7 9 "Owner-Occupied" 607764
2016 4 2 2152 5749 1 1 1 0 1 8 "Owner-Occupied" 1586961
1997 3 2 2077 6762 1 1 0 0 3 9 "Owner-Occupied" 396125
2017 3 2 1599 5947 0 1 0 0 8 1 "Rental" 596402
2010 2 1 1113 6467 0 0 0 0 6 7 "Rental" 378993
2020 2 1 1812 8479 1 0 0 0 5 4 "Owner-Occupied" 607426
1994 2 1 1103 3886 0 0 1 0 6 8 "Owner-Occupied" 245333
2002 3 2 1903 7267 1 1 0 0 3 4 "Owner-Occupied" 402890
2000 1 1 1078 3443 0 1 0 0 4 1 "Rental" 192809
2016 6 3 2686 9418 1 1 1 0 1 8 "Owner-Occupied" 924952
2003 3 2 1864 7644 1 0 0 0 8 7 "Owner-Occupied" 603543
2020 4 2 2290 10913 1 1 0 0 1 9 "Owner-Occupied" 924012
1963 4 2 2124 5485 1 0 1 0 1 9 "Owner-Occupied" 636844
2017 2 1 1896 8294 1 0 0 0 6 5 "Owner-Occupied" 683629
2007 2 1 1170 4613 0 0 0 0 5 6 "Rental" 349630
2011 1 1 1072 4254 0 0 0 1 3 3 "Owner-Occupied" 763668
1964 4 1 2059 5099 1 1 0 0 4 8 "Owner-Occupied" 613122
2019 2 1 1241 3790 0 0 0 0 5 6 "Owner-Occupied" 345156
2018 4 2 2156 9018 1 1 0 0 1 9 "Owner-Occupied" 618230
2017 3 1 1446 4549 0 1 0 0 6 5 "Rental" 469344
2020 4 2 2229 6442 1 0 0 0 4 8 "Owner-Occupied" 1035486
2013 2 1 1388 6105 0 0 0 1 6 4 "Owner-Occupied" 503102
1993 3 2 1958 7250 1 1 0 0 7 7 "Owner-Occupied" 742666
2021 3 2 1973 9646 1 1 0 1 3 8 "Owner-Occupied" 702851
2015 2 2 1692 5484 1 0 0 0 6 2 "Owner-Occupied" 581150
2020 4 3 2059 10175 1 1 1 0 1 10 "Owner-Occupied" 861048
2015 4 3 2376 11300 1 1 0 0 1 7 "Owner-Occupied" 776697
2021 4 2 2044 9116 1 1 0 0 1 10 "Owner-Occupied" 720579
2004 3 2 2101 9734 1 1 0 0 8 7 "Owner-Occupied" 736386
1995 1 1 1076 4358 0 0 0 0 6 4 "Rental" 636171
2014 3 2 1433 5743 0 1 0 0 6 4 "Owner-Occupied" 504977
2021 3 1 1231 4345 0 1 0 0 6 3 "Rental" 610760
2019 2 2 1800 6088 1 1 0 0 8 2 "Owner-Occupied" 642033
2010 3 1 1786 6503 1 1 0 0 6 3 "Owner-Occupied" 543459
2021 4 2 2044 9882 1 0 1 0 3 10 "Owner-Occupied" 1389625
2007 3 2 2007 6162 1 1 0 0 5 5 "Owner-Occupied" 584964
1993 2 1 1310 4539 0 0 0 0 9 1 "Rental" 747834
2010 4 1 1985 6669 1 1 0 0 6 8 "Owner-Occupied" 672169
2013 3 2 2088 7155 1 1 0 0 10 4 "Rental" 1078688
2010 3 1 1901 9046 1 0 0 0 9 4 "Owner-Occupied" 970286
2015 3 1 1808 7730 1 0 0 0 9 7 "Owner-Occupied" 761086
2021 2 1 1038 3442 0 0 0 0 8 1 "Rental" 637400
2017 1 1 1156 2830 0 0 0 0 4 2 "Rental" 258913
2019 2 1 1803 8391 1 0 0 0 4 9 "Owner-Occupied" 1313464
2004 2 1 1508 5372 0 0 0 0 4 1 "Rental" 306279
2021 3 1 1227 5521 0 1 0 0 8 8 "Rental" 659269
2020 2 1 1232 4350 0 0 0 0 9 7 "Rental" 377320
2016 3 2 2149 9481 1 1 1 0 4 10 "Owner-Occupied" 803554
2006 2 2 1309 5469 0 1 0 0 7 2 "Rental" 395325
2017 3 2 1946 6478 1 1 0 0 8 9 "Owner-Occupied" 728598
2012 3 2 1803 3902 1 1 1 1 8 8 "Owner-Occupied" 1205791
2007 3 2 1885 6530 1 1 0 0 7 7 "Rental" 700807
2008 4 2 2025 6242 1 0 0 0 1 6 "Owner-Occupied" 501563
2015 3 1 1934 6855 1 0 0 0 3 4 "Owner-Occupied" 694021
2008 3 1 1513 5121 0 1 0 0 9 4 "Rental" 799601
2016 2 1 1210 3523 0 0 0 0 9 1 "Rental" 685875
1995 3 2 1410 4333 0 1 0 0 9 4 "Rental" 755977
1987 3 2 1939 6503 1 1 0 0 8 8 "Rental" 704343
2007 4 2 2045 6137 1 1 0 0 1 6 "Owner-Occupied" 460188
2017 2 1 1278 5386 0 0 0 1 3 6 "Rental" 312021
2016 4 3 2292 5018 1 1 1 0 5 7 "Owner-Occupied" 961437
1999 4 2 2194 11093 1 0 0 0 1 9 "Rental" 643518
2011 1 1 1048 3881 0 0 0 0 4 1 "Rental" 421658
1995 4 3 2028 6349 1 1 0 0 1 5 "Owner-Occupied" 403503
2014 3 2 2069 8393 1 1 0 0 9 9 "Owner-Occupied" 808854
2013 3 2 1947 7119 1 0 0 0 9 3 "Rental" 862002
2014 4 2 2126 7575 1 1 1 0 1 10 "Owner-Occupied" 741412
2007 4 3 2188 7703 1 0 0 0 1 4 "Owner-Occupied" 639958
2008 1 1 1587 5408 1 1 0 0 3 2 "Owner-Occupied" 306955
1986 4 3 1916 4185 1 0 0 0 1 2 "Owner-Occupied" 620125
2016 3 2 1962 9329 1 1 0 0 8 8 "Rental" 1002187
1970 3 1 1713 6029 1 1 0 0 7 7 "Owner-Occupied" 471033
2011 3 2 1830 5998 1 0 1 0 7 5 "Owner-Occupied" 1012260
2021 4 2 1933 6654 1 0 0 1 2 9 "Owner-Occupied" 1592786
1973 3 2 2038 8467 1 0 0 0 4 5 "Owner-Occupied" 364264
2018 3 1 1876 8861 1 1 0 0 9 9 "Owner-Occupied" 793674
2008 3 2 2097 7158 1 1 0 0 9 8 "Owner-Occupied" 709974
2021 3 2 2076 7309 1 0 0 0 5 5 "Owner-Occupied" 845357
2019 2 1 1671 3858 1 0 0 0 7 3 "Owner-Occupied" 511959
1967 3 1 1856 2459 1 1 0 0 10 3 "Rental" 615411
2020 4 1 2016 8790 1 1 0 1 5 8 "Owner-Occupied" 787481
2020 4 2 2145 8139 1 1 0 0 2 9 "Owner-Occupied" 837464
2021 4 1 1940 5750 1 1 0 1 2 8 "Owner-Occupied" 668214
1988 2 1 1212 5270 0 0 0 0 3 3 "Rental" 211975
2015 4 2 2185 6307 1 0 0 1 1 7 "Owner-Occupied" 870993
2019 3 2 2084 8076 1 1 0 0 8 5 "Rental" 1294696
2017 3 1 1303 4939 0 0 0 0 9 4 "Owner-Occupied" 473106
2018 3 2 2055 8592 1 1 0 0 5 9 "Owner-Occupied" 637252
2017 6 3 2506 10908 1 0 1 0 1 10 "Rental" 1116244
2018 2 2 1845 6273 1 0 0 0 6 9 "Owner-Occupied" 613158
2004 3 2 1841 6937 1 0 1 0 10 7 "Owner-Occupied" 845161
2012 3 1 1368 5212 0 0 0 0 9 8 "Rental" 482286
1996 2 1 1119 3428 0 0 0 0 4 2 "Rental" 298922
2003 2 1 1321 5696 0 0 0 0 9 2 "Rental" 583679
2012 3 2 1987 9123 1 0 0 0 9 7 "Rental" 974282
2020 3 1 1894 6896 1 0 0 0 8 5 "Owner-Occupied" 648933
2010 2 1 1304 3255 0 0 0 0 5 7 "Rental" 227735
2021 4 3 2394 8649 1 1 0 0 1 9 "Owner-Occupied" 712005
2013 2 1 1708 5788 1 0 0 0 5 1 "Owner-Occupied" 676070
2006 3 2 2179 10047 1 1 0 0 8 7 "Owner-Occupied" 1122440
2001 2 1 1735 7791 1 0 0 0 4 8 "Owner-Occupied" 636302
2000 4 2 2245 10045 1 1 0 0 1 9 "Owner-Occupied" 571259
2000 2 1 1087 5398 0 0 0 0 6 5 "Rental" 292770
2007 3 2 1472 6057 0 1 0 0 8 7 "Owner-Occupied" 472275
2012 2 1 1240 4195 0 0 0 0 5 4 "Owner-Occupied" 158829
2007 6 3 2620 9376 1 1 0 0 1 8 "Owner-Occupied" 943140
2014 3 1 1820 8238 1 1 0 0 6 9 "Owner-Occupied" 667005
2011 4 2 1869 6731 1 1 0 1 1 5 "Owner-Occupied" 515063
2021 3 2 1924 7928 1 0 0 0 7 1 "Owner-Occupied" 793874
2008 3 2 2147 8828 1 0 1 0 6 4 "Owner-Occupied" 766427
2017 3 1 1993 9003 1 1 0 0 5 8 "Owner-Occupied" 600135
2003 3 2 2016 6444 1 0 1 0 6 9 "Rental" 728001
2021 3 2 1947 8798 1 0 1 0 8 8 "Owner-Occupied" 1444496
1961 3 2 2127 6573 1 1 0 0 8 5 "Owner-Occupied" 523327
1999 3 2 2160 10864 1 1 1 0 7 9 "Owner-Occupied" 874099
2021 3 1 1791 5870 1 1 0 0 9 4 "Owner-Occupied" 1069199
2017 8 3 3215 15278 1 1 1 0 1 10 "Owner-Occupied" 1616617
1997 4 3 1949 7872 1 1 0 0 1 9 "Owner-Occupied" 479135
2016 3 2 2236 10176 1 1 0 0 7 7 "Rental" 864243
2008 4 2 1523 7809 0 1 0 0 1 7 "Owner-Occupied" 617446
2021 2 2 1865 6114 1 1 0 0 3 8 "Owner-Occupied" 525635
2003 3 1 1767 6765 1 1 0 0 5 5 "Owner-Occupied" 647652
2017 3 2 1975 8852 1 1 0 0 7 2 "Owner-Occupied" 929403
1995 2 2 1002 4906 0 0 0 0 9 2 "Rental" 450861
2015 3 1 1853 8274 1 0 0 0 9 5 "Rental" 855420
2018 3 2 1997 10296 1 1 0 0 5 3 "Owner-Occupied" 889711
2017 2 1 1294 3314 0 0 0 0 5 4 "Rental" 479951
2021 2 1 1134 4877 0 0 0 0 6 4 "Rental" 483116
2016 3 1 2074 9150 1 1 0 0 8 9 "Owner-Occupied" 758553
2013 3 2 2048 6192 1 1 0 0 8 4 "Rental" 801369
2006 2 2 1270 4602 0 0 0 0 6 2 "Rental" 982991
2003 1 1 1045 2415 0 0 0 0 4 1 "Rental" 265919
2007 3 2 1997 5940 1 1 0 0 9 9 "Owner-Occupied" 718533
2021 3 2 2120 7684 1 1 0 0 8 8 "Owner-Occupied" 965123
2000 3 2 2037 4581 1 1 0 1 9 3 "Rental" 759981
2000 2 1 1109 3635 0 0 0 0 9 1 "Rental" 347256
2015 3 2 2049 11735 1 1 0 0 3 8 "Owner-Occupied" 588679
2021 4 2 2232 7201 1 0 0 0 2 9 "Owner-Occupied" 700196
2006 3 2 1875 8046 1 1 0 1 9 8 "Owner-Occupied" 1261542
1983 2 1 1176 4868 0 0 0 0 5 6 "Rental" 322034
2021 2 1 1219 5310 0 0 0 0 5 1 "Rental" 429439
2005 2 1 1337 5611 0 0 0 0 7 8 "Rental" 297013
2021 2 2 1318 4271 0 0 0 0 8 6 "Rental" 571782
1980 3 1 1787 4878 1 1 0 0 4 4 "Owner-Occupied" 681028
2021 3 1 2162 8442 1 0 0 1 8 8 "Owner-Occupied" 934380
2017 1 1 1203 3339 0 0 0 0 6 3 "Owner-Occupied" 221380
2017 2 2 1156 3210 0 0 0 0 8 1 "Rental" 742464
1990 3 2 2029 8997 1 1 0 0 6 8 "Owner-Occupied" 537285
1998 4 3 2235 8541 1 1 0 1 2 9 "Owner-Occupied" 763166
1992 3 2 2050 7639 1 0 0 0 9 6 "Rental" 662256
1959 1 1 988 4014 0 0 0 0 5 4 "Rental" 129787
2016 4 1 1972 6155 1 0 0 1 5 5 "Owner-Occupied" 880969
1993 3 2 1877 5311 1 0 0 0 5 6 "Owner-Occupied" 376652
1985 4 2 2183 6023 1 0 1 0 1 8 "Owner-Occupied" 491792
1970 2 1 1727 4763 1 1 0 0 5 6 "Owner-Occupied" 329201
2004 3 2 1532 6304 0 1 0 0 6 6 "Owner-Occupied" 379499
2010 4 2 2109 6715 1 1 0 0 2 2 "Owner-Occupied" 653521
1995 3 2 1793 5657 1 0 0 0 9 8 "Owner-Occupied" 542601
2019 3 1 1907 5150 1 0 0 0 10 5 "Rental" 821367
2009 3 1 1826 7228 1 0 0 0 9 5 "Owner-Occupied" 628942
1988 2 1 1647 5252 1 1 0 0 9 1 "Owner-Occupied" 633083
2008 3 2 1884 6228 1 1 1 0 5 8 "Owner-Occupied" 687661
2005 2 1 1081 5084 0 0 0 0 8 2 "Rental" 442616
2013 3 2 2008 8837 1 0 1 0 5 8 "Owner-Occupied" 895542
2005 3 2 1998 10364 1 0 0 0 6 7 "Owner-Occupied" 640446
2021 6 3 2784 8225 1 1 0 0 1 9 "Owner-Occupied" 775981
2002 3 2 2007 8446 1 1 0 0 7 8 "Owner-Occupied" 639684
2019 3 1 1616 3364 1 1 0 0 5 8 "Owner-Occupied" 943804
2012 2 2 1900 9220 1 1 0 0 7 10 "Owner-Occupied" 665674
2018 3 1 1842 6215 1 1 0 0 8 7 "Owner-Occupied" 987734
2017 3 1 1759 8670 1 0 0 0 6 7 "Owner-Occupied" 788856
2018 3 2 2106 9956 1 1 0 0 8 4 "Rental" 1048958
2003 4 3 2190 7164 1 1 0 0 1 8 "Owner-Occupied" 445828
1996 4 2 1996 7986 1 1 1 0 1 10 "Owner-Occupied" 573722
2005 3 1 1893 5824 1 0 0 0 8 7 "Rental" 652687
2019 3 1 1484 6336 0 1 0 0 9 8 "Rental" 703206
1993 3 1 1853 4122 1 1 0 1 8 3 "Owner-Occupied" 622753
2018 3 2 1721 6273 1 1 0 0 5 6 "Owner-Occupied" 942924
2017 4 2 1912 5883 1 1 0 0 1 9 "Owner-Occupied" 587556
2009 2 1 1169 3931 0 0 0 0 7 1 "Rental" 385063
2004 3 1 2073 10486 1 1 0 0 7 8 "Owner-Occupied" 635567
2017 3 2 2034 5885 1 0 1 0 9 6 "Owner-Occupied" 950381
2000 2 2 1283 5354 0 0 0 0 3 5 "Owner-Occupied" 268882
2007 3 2 1342 6147 0 0 1 0 7 7 "Owner-Occupied" 604740
2013 3 2 2067 7181 1 1 0 0 6 4 "Owner-Occupied" 619692
2005 3 2 1410 4862 0 0 0 0 7 2 "Rental" 529784
2021 4 2 1939 4571 1 0 0 0 4 8 "Owner-Occupied" 761352
2021 1 1 1028 4612 0 0 0 0 7 3 "Rental" 376561
2021 3 2 2212 4760 1 1 0 0 5 6 "Owner-Occupied" 948541
2019 3 1 1961 4545 1 0 0 0 9 2 "Owner-Occupied" 628299
2015 3 1 1840 8190 1 0 0 0 5 8 "Owner-Occupied" 576150
1981 3 2 2074 9837 1 1 0 0 6 4 "Owner-Occupied" 533070
2020 3 2 1861 6418 1 0 0 0 8 5 "Owner-Occupied" 692140
2010 6 3 2685 13062 1 1 0 0 1 9 "Owner-Occupied" 680332
2020 2 1 1052 4043 0 0 0 0 6 3 "Rental" 357227
2013 3 2 1961 7810 1 1 0 0 6 7 "Owner-Occupied" 708020
2020 3 2 1862 4023 1 1 1 0 9 6 "Owner-Occupied" 1092020
1988 1 1 1185 4115 0 0 0 0 3 3 "Rental" 207838
2020 3 2 2037 5252 1 0 0 0 5 6 "Owner-Occupied" 711958
2018 2 1 1135 5675 0 0 0 0 4 2 "Rental" 364432
2017 4 1 1696 4205 0 1 0 0 1 6 "Owner-Occupied" 912025
1995 8 3 2982 11669 1 1 1 0 1 10 "Owner-Occupied" 1147188
2021 3 2 1423 3882 0 0 1 0 7 2 "Owner-Occupied" 1001846
2020 3 1 1898 10666 1 1 0 1 9 7 "Owner-Occupied" 897353
2021 3 1 1831 8255 1 1 0 0 7 4 "Owner-Occupied" 969976
2007 3 2 1622 6373 0 0 0 0 6 7 "Owner-Occupied" 451418
2019 2 1 1792 7819 1 0 0 0 8 5 "Owner-Occupied" 740345
2015 1 1 1008 2912 0 0 0 1 1 1 "Owner-Occupied" 141953
2020 3 2 2125 6158 1 0 0 0 6 7 "Rental" 748470
2020 4 2 2192 7635 1 1 0 0 1 8 "Owner-Occupied" 1646940
2019 4 2 2290 8685 1 0 0 0 1 9 "Owner-Occupied" 559181
2015 4 2 2185 9589 1 0 0 0 1 9 "Owner-Occupied" 736526
2021 1 1 1175 4236 0 0 0 0 3 1 "Owner-Occupied" 294067
1990 3 2 2047 6793 1 1 0 0 3 6 "Rental" 418081
1975 3 2 1984 6638 1 0 0 0 5 5 "Rental" 555667
1994 3 2 2030 7765 1 0 0 0 2 8 "Owner-Occupied" 497968
1980 2 1 1254 4866 0 0 0 0 8 4 "Rental" 544502
1990 2 1 1333 6127 0 0 0 0 4 4 "Rental" 263242
2021 2 1 1152 4328 0 0 0 0 9 2 "Rental" 521479
2012 3 1 2113 6228 1 0 0 0 9 9 "Owner-Occupied" 663870
2016 4 2 1940 6939 1 1 0 0 6 8 "Owner-Occupied" 766366
2017 3 2 1947 7793 1 0 1 0 8 4 "Owner-Occupied" 924109
2020 3 2 1892 5971 1 1 0 0 10 7 "Rental" 1196753
2012 3 1 1813 9810 1 0 0 0 6 8 "Owner-Occupied" 563736
2020 4 2 2466 7539 1 0 0 0 1 10 "Owner-Occupied" 561582
2011 3 2 1958 9059 1 0 0 0 6 7 "Owner-Occupied" 623564
2021 3 1 1892 6361 1 1 0 0 5 8 "Owner-Occupied" 737621
2019 3 1 1637 6814 1 0 0 0 8 4 "Rental" 1093592
2010 1 1 996 4065 0 0 0 0 6 1 "Rental" 256818
2019 3 2 1619 5458 0 1 0 0 9 8 "Rental" 703202
2013 4 2 2182 7750 1 0 0 0 1 9 "Owner-Occupied" 1053112
1999 4 2 1999 7784 1 0 0 0 1 5 "Owner-Occupied" 464171
2007 3 2 1830 7503 1 0 0 0 8 5 "Owner-Occupied" 1279347
1988 2 1 1751 5876 1 0 0 0 7 3 "Owner-Occupied" 437904
2021 3 2 1965 7632 1 1 0 0 5 8 "Owner-Occupied" 860074
2015 3 2 1882 7036 1 0 0 0 6 7 "Owner-Occupied" 585985
2017 4 2 2227 6419 1 1 1 0 1 7 "Owner-Occupied" 1024646
2003 2 2 1691 5232 1 0 0 0 7 2 "Rental" 717471
2010 2 1 1820 5996 1 0 0 0 8 6 "Owner-Occupied" 501570
2019 1 1 1011 3775 0 0 0 0 7 4 "Rental" 302543
2021 2 1 1261 2567 0 0 0 0 9 3 "Rental" 710518
2008 2 1 1262 4730 0 0 0 0 3 1 "Rental" 275206
2019 2 1 1103 3610 0 0 0 0 7 4 "Rental" 348282
2006 2 1 1662 2988 1 0 0 0 8 5 "Owner-Occupied" 525006
2006 3 2 2085 8133 1 0 0 0 8 6 "Owner-Occupied" 659126
2013 6 3 2711 12937 1 1 1 0 1 10 "Owner-Occupied" 1177718
2018 2 1 1766 7955 1 0 0 0 3 8 "Rental" 498835
2019 2 1 1139 3637 0 0 0 0 9 1 "Owner-Occupied" 271967
2017 2 2 1676 6364 1 0 0 0 7 4 "Owner-Occupied" 552231
1994 1 1 871 3019 0 0 0 0 8 1 "Rental" 279107
2012 3 2 1862 8598 1 1 0 0 3 1 "Owner-Occupied" 598904
2017 3 2 1756 8010 1 1 1 0 7 7 "Owner-Occupied" 987481
2021 3 2 2091 7686 1 1 0 0 7 8 "Owner-Occupied" 1184982
2015 3 2 1490 4659 0 1 0 0 8 4 "Rental" 634386
1996 4 2 2464 8735 1 1 0 0 1 9 "Owner-Occupied" 614315
2003 3 1 1421 4502 0 0 0 0 7 4 "Owner-Occupied" 784502
2016 2 1 1921 7378 1 0 0 0 7 8 "Owner-Occupied" 615022
2012 6 3 2644 10093 1 1 1 0 1 10 "Owner-Occupied" 960389
2009 3 2 1921 6226 1 1 0 0 3 6 "Owner-Occupied" 469545
2019 3 2 2080 7535 1 1 0 0 6 7 "Owner-Occupied" 1244010
2009 3 2 1879 5710 1 1 1 0 9 7 "Owner-Occupied" 1132133
2002 4 2 1968 7713 1 1 0 0 4 9 "Owner-Occupied" 655343
2010 2 2 1492 7155 0 1 0 0 8 3 "Rental" 880919
2020 2 2 1461 4264 0 0 0 0 8 4 "Rental" 438725
2017 3 2 1996 7634 1 1 0 0 8 5 "Owner-Occupied" 797745
2017 3 1 1900 6628 1 1 0 0 8 3 "Owner-Occupied" 813559
2020 2 2 1209 4546 0 1 0 1 4 5 "Owner-Occupied" 533106
2012 4 2 2301 7795 1 1 0 0 1 9 "Owner-Occupied" 574154
2014 3 2 2100 4226 1 0 0 0 9 4 "Owner-Occupied" 991058
2021 6 3 2780 12885 1 1 1 1 1 10 "Owner-Occupied" 1199845
2009 3 2 2101 6678 1 1 0 0 8 2 "Owner-Occupied" 1228840
2017 3 1 1881 7384 1 1 0 0 4 8 "Owner-Occupied" 700203
2019 4 2 2114 9096 1 0 0 0 1 9 "Owner-Occupied" 576367
2002 2 1 1355 5373 0 0 0 0 8 8 "Rental" 315327
2010 2 2 1349 4271 0 0 0 0 7 1 "Rental" 447810
2009 3 2 1565 4730 0 0 0 0 8 6 "Rental" 524447
2007 2 1 1669 7838 1 0 0 0 8 3 "Rental" 596085
2014 2 1 1748 7190 1 1 0 0 5 6 "Owner-Occupied" 535417
2007 6 3 2648 11634 1 1 1 0 2 10 "Owner-Occupied" 978899
1978 4 3 2340 10443 1 1 0 1 4 9 "Owner-Occupied" 774102
2016 2 1 1351 6624 0 1 0 0 6 5 "Owner-Occupied" 452936
1999 3 1 1927 6146 1 0 1 0 4 7 "Owner-Occupied" 676752
2015 3 2 1499 3909 0 1 0 0 4 5 "Owner-Occupied" 362410
2012 2 1 1113 5641 0 0 0 0 6 4 "Rental" 744018
2003 2 1 1274 4144 0 1 0 0 6 3 "Rental" 714962
2017 3 2 2238 6934 1 1 0 0 8 8 "Owner-Occupied" 872204
2009 4 2 2200 8383 1 0 0 1 2 9 "Owner-Occupied" 693587
1991 3 2 2067 9636 1 0 0 0 8 3 "Owner-Occupied" 549147
2018 6 3 2830 11295 1 0 1 1 1 9 "Owner-Occupied" 989178
2018 3 1 1746 8251 1 0 0 0 8 9 "Rental" 962095
2021 3 2 1879 4776 1 1 0 0 7 5 "Rental" 818333
2010 3 2 1634 6957 0 0 0 0 10 3 "Rental" 768773
2006 3 2 1359 5414 0 1 0 0 4 8 "Owner-Occupied" 362172
1999 2 2 1224 5343 0 0 0 0 7 7 "Rental" 451583
1978 3 2 1934 7904 1 1 0 0 8 8 "Owner-Occupied" 648258
2017 2 1 1252 3824 0 0 0 0 6 1 "Rental" 304463
2017 3 1 1903 7918 1 0 0 0 9 9 "Owner-Occupied" 794468
2018 3 2 2094 8612 1 1 0 0 6 5 "Owner-Occupied" 710133
2020 3 2 1520 7674 0 1 1 0 8 10 "Owner-Occupied" 1125019
2011 4 3 2126 3874 1 1 0 0 3 5 "Owner-Occupied" 534029
2018 3 2 2250 8577 1 1 0 0 7 6 "Owner-Occupied" 748774
2019 3 1 1785 8106 1 1 0 0 8 7 "Owner-Occupied" 822420
2020 3 2 2099 8198 1 0 0 0 7 7 "Rental" 873817
2016 2 1 1815 6753 1 0 0 0 4 3 "Rental" 565231
2019 6 3 2478 8631 1 1 1 0 1 9 "Owner-Occupied" 1019477
2017 4 1 2155 8291 1 1 0 0 2 8 "Owner-Occupied" 631897
2016 2 1 1139 5545 0 0 1 0 4 6 "Rental" 403623
2013 3 2 2198 9037 1 0 0 0 4 7 "Owner-Occupied" 563277
1983 2 1 1094 4611 0 0 0 0 6 4 "Rental" 438038
2020 3 2 2043 8835 1 1 0 0 7 9 "Owner-Occupied" 765294
2020 2 2 1391 5239 0 0 0 0 5 3 "Rental" 326543
2020 2 1 1345 5527 0 1 1 0 4 3 "Owner-Occupied" 414062
2018 2 1 1012 4663 0 0 0 0 7 4 "Rental" 353677
2012 2 1 1207 3573 0 0 0 0 7 1 "Rental" 369177
2018 3 1 2051 6707 1 1 0 0 9 2 "Owner-Occupied" 722628
2005 3 2 1949 4932 1 1 0 0 8 6 "Owner-Occupied" 719417
2014 1 1 1074 3693 0 0 0 0 3 4 "Rental" 182546
1993 3 2 1418 1998 0 1 0 0 9 7 "Rental" 676791
1975 3 2 2194 9552 1 1 0 0 7 6 "Owner-Occupied" 589348
2017 3 2 1946 9138 1 1 0 0 7 8 "Owner-Occupied" 722427
1991 3 1 1853 6334 1 1 0 0 8 7 "Rental" 654389
2021 2 1 1132 3973 0 0 0 0 1 8 "Rental" 260681
2005 2 1 1204 4611 0 0 0 0 8 6 "Rental" 838186
2015 1 1 1066 4032 0 0 0 0 3 1 "Rental" 264001
1991 3 1 1969 5352 1 1 0 0 8 8 "Owner-Occupied" 630659
2021 4 3 2196 8575 1 0 0 0 2 9 "Owner-Occupied" 857962
2000 3 2 1983 7830 1 1 0 0 9 9 "Rental" 1096557
2000 2 1 1227 4955 0 0 0 0 6 4 "Rental" 237109
2006 3 2 2009 9042 1 1 0 0 4 9 "Owner-Occupied" 593568
2017 4 2 2173 7135 1 1 0 0 1 8 "Owner-Occupied" 619317
1989 2 2 1427 6355 0 0 0 0 5 7 "Rental" 479572
2012 3 1 1889 8749 1 1 0 0 7 8 "Rental" 930065
2019 3 2 1331 3345 0 1 0 0 8 9 "Rental" 813605
2019 3 1 1857 5766 1 1 0 0 10 4 "Owner-Occupied" 992668
2011 2 1 1264 4068 0 0 0 0 8 3 "Rental" 670939
1963 2 1 1314 6295 0 0 0 0 3 1 "Rental" 257355
2014 3 2 1303 5704 0 1 0 0 10 8 "Rental" 1269695
1995 3 2 1937 7410 1 1 0 0 5 6 "Owner-Occupied" 661226
1995 3 2 1690 5925 0 1 0 0 7 9 "Rental" 657984
2019 2 1 1286 3686 0 0 0 0 4 2 "Rental" 402655
2021 4 3 2344 7060 1 1 0 0 2 10 "Owner-Occupied" 1107647
2005 4 2 2164 4865 1 1 0 1 1 8 "Owner-Occupied" 501706
2003 3 2 2271 9678 1 0 0 0 8 9 "Owner-Occupied" 725748
2021 3 2 1997 4271 1 1 0 0 7 4 "Owner-Occupied" 833560
1981 4 3 2383 7427 1 1 0 0 1 10 "Owner-Occupied" 477466
2000 3 2 1736 4261 1 1 1 0 8 8 "Owner-Occupied" 686282
1971 3 2 2026 6631 1 1 0 0 4 7 "Owner-Occupied" 368809
1993 2 1 1160 5618 0 0 0 0 7 7 "Rental" 388853
2019 3 2 2071 7305 1 1 0 0 8 5 "Owner-Occupied" 741502
2005 3 2 1895 9076 1 1 0 0 8 7 "Rental" 899296
2002 3 1 1995 5301 1 0 0 0 8 3 "Rental" 1270988
2020 4 3 2241 11180 1 0 0 0 1 10 "Owner-Occupied" 709910
2020 3 1 2172 8554 1 1 1 0 7 8 "Owner-Occupied" 934065
2012 3 2 1963 7498 1 1 0 0 9 4 "Owner-Occupied" 721547
2001 4 2 1582 4559 0 1 0 0 3 5 "Owner-Occupied" 669815
1992 1 1 1069 3352 0 0 0 0 6 1 "Rental" 501263
2015 2 2 1373 4345 0 0 0 0 6 6 "Rental" 323444
1999 2 1 1309 6170 0 0 0 0 9 5 "Rental" 496135
2021 2 1 1284 3473 0 0 0 0 8 4 "Owner-Occupied" 426775
2006 4 2 2252 9317 1 1 0 0 3 10 "Owner-Occupied" 621228
1976 3 2 1919 5915 1 1 0 0 6 9 "Owner-Occupied" 692837
2020 4 3 2280 8514 1 0 0 1 2 9 "Owner-Occupied" 847284
2015 3 2 1825 6458 1 0 0 0 6 3 "Owner-Occupied" 566925
1993 2 1 1829 8373 1 0 0 0 9 4 "Owner-Occupied" 583522
1987 4 2 2074 7566 1 1 0 0 2 8 "Owner-Occupied" 599087
2019 3 1 1808 7676 1 0 0 0 8 4 "Owner-Occupied" 743810
2021 4 2 2204 7271 1 1 0 0 1 5 "Owner-Occupied" 658665
2016 2 1 1148 3508 0 0 0 0 2 5 "Rental" 462122
2012 4 2 1979 6507 1 1 0 0 1 9 "Owner-Occupied" 484338
2018 3 2 2102 7825 1 1 0 0 7 8 "Owner-Occupied" 807193
2021 3 2 2107 8037 1 1 0 0 8 6 "Owner-Occupied" 954555
2014 3 1 1747 7423 1 1 0 0 8 3 "Owner-Occupied" 707477
2013 6 3 2427 7821 1 1 1 1 1 8 "Owner-Occupied" 1076890
2010 2 1 1388 4709 0 1 0 0 8 2 "Rental" 386408
1998 4 1 2079 6757 1 1 0 0 2 9 "Owner-Occupied" 422093
2019 3 1 1874 6922 1 0 0 0 8 7 "Owner-Occupied" 740762
2005 2 1 1822 3923 1 0 0 0 8 2 "Owner-Occupied" 411409
1993 3 2 2044 9448 1 0 1 0 6 8 "Owner-Occupied" 666514
2021 4 3 2359 6823 1 0 0 0 2 5 "Owner-Occupied" 762644
2015 3 1 1844 7277 1 0 0 0 8 7 "Owner-Occupied" 710476
1993 3 1 1948 6791 1 1 0 0 3 6 "Owner-Occupied" 426592
2004 3 1 1771 5115 1 0 0 0 8 7 "Owner-Occupied" 515427
1977 3 2 1993 6396 1 1 0 1 7 8 "Owner-Occupied" 488153
2005 3 2 1758 7585 1 1 0 0 4 10 "Owner-Occupied" 583410
2006 2 1 1182 6384 0 0 0 0 8 8 "Rental" 373253
2021 4 3 2143 7627 1 0 1 0 1 9 "Owner-Occupied" 914817
2001 3 2 2021 8670 1 1 0 0 6 5 "Rental" 795072
2004 4 3 2018 7635 1 1 1 0 1 9 "Owner-Occupied" 809240
2019 2 1 1594 4829 1 0 0 0 4 1 "Owner-Occupied" 477296
2021 3 1 1839 9658 1 0 0 0 8 4 "Owner-Occupied" 842528
1970 4 2 2301 8578 1 0 0 0 2 9 "Owner-Occupied" 535104
2021 3 2 2081 9330 1 1 1 0 8 8 "Owner-Occupied" 1277477
1998 3 1 1902 7826 1 1 0 0 8 4 "Owner-Occupied" 844156
2016 4 2 2075 7502 1 1 0 0 1 6 "Owner-Occupied" 794917
2004 3 2 1701 7648 1 1 0 0 8 6 "Owner-Occupied" 1220167
1988 3 2 1851 9797 1 1 0 0 8 6 "Owner-Occupied" 674994
2002 2 1 1620 4929 1 1 0 0 9 2 "Owner-Occupied" 617452
2021 3 1 1774 8001 1 1 0 0 5 6 "Owner-Occupied" 868337
2015 3 2 1901 6079 1 1 0 1 6 4 "Owner-Occupied" 698447
2015 3 1 1505 5233 0 0 0 0 8 5 "Rental" 579866
2018 3 2 1862 6173 1 1 0 0 3 8 "Owner-Occupied" 600792
2017 2 1 1014 4388 0 1 0 0 8 2 "Owner-Occupied" 528605
2019 4 3 2068 5925 1 1 0 1 1 6 "Owner-Occupied" 872993
1993 1 1 982 3003 0 0 0 0 9 3 "Rental" 339492
2011 4 3 1717 5521 0 1 0 0 1 7 "Owner-Occupied" 383924
1994 3 1 2009 8419 1 1 0 0 8 9 "Owner-Occupied" 546371
1998 2 1 1927 5114 1 0 0 0 9 7 "Owner-Occupied" 453695
1998 2 1 2062 5622 1 0 0 0 8 5 "Owner-Occupied" 462711
1983 3 2 2157 6158 1 1 0 0 8 7 "Rental" 609683
2021 1 1 1607 5756 1 1 0 0 4 2 "Owner-Occupied" 724093
2011 2 2 1277 3537 0 0 0 0 5 2 "Rental" 660754
2016 3 2 1949 5001 1 1 0 0 7 6 "Owner-Occupied" 625328
1999 4 2 2097 9321 1 1 0 0 1 9 "Owner-Occupied" 541602
2014 3 1 1810 6316 1 0 0 0 9 7 "Rental" 773843
2017 4 3 2121 9273 1 0 0 0 6 8 "Owner-Occupied" 840490
2016 2 1 1005 3784 0 0 0 0 8 1 "Rental" 367833
1965 3 2 2054 6793 1 1 0 0 9 3 "Owner-Occupied" 1133144
2010 3 2 1801 6175 1 1 0 0 6 7 "Owner-Occupied" 892325
2019 3 1 1972 4639 1 1 0 0 8 3 "Owner-Occupied" 671807
2003 2 1 1292 3442 0 0 0 0 7 2 "Rental" 312947
2019 2 1 1026 5098 0 0 0 0 9 4 "Rental" 539438
2012 3 2 2121 5242 1 1 0 0 5 8 "Owner-Occupied" 587993
2020 2 1 1252 6388 0 0 0 0 4 3 "Rental" 539069
2013 6 3 2819 9072 1 1 1 1 1 10 "Owner-Occupied" 1154436
2015 2 1 1601 8412 1 0 0 0 6 7 "Owner-Occupied" 517222
2005 3 2 2016 8421 1 1 0 0 3 5 "Rental" 680206
2009 2 2 1099 4187 0 1 1 0 9 7 "Rental" 755376
2008 4 2 2126 4735 1 1 1 0 2 10 "Owner-Occupied" 1078454
2016 2 1 1199 4232 0 1 0 0 5 6 "Rental" 538679
1978 3 1 1812 8453 1 0 0 0 9 7 "Owner-Occupied" 597478
2021 3 1 1820 8351 1 1 0 0 6 4 "Owner-Occupied" 1055173
2021 3 2 2015 8104 1 1 1 0 8 8 "Owner-Occupied" 1422106
2019 4 3 2193 7819 1 1 0 0 1 8 "Owner-Occupied" 605706
2021 3 2 2226 11988 1 1 0 0 8 9 "Owner-Occupied" 1124757
1992 2 1 1093 5545 0 0 0 0 3 4 "Rental" 539025
2017 3 2 1375 4804 0 1 0 0 7 4 "Rental" 572598
2020 3 1 1893 5960 1 0 0 0 8 8 "Owner-Occupied" 621990
2017 3 2 2130 10548 1 1 0 0 6 10 "Owner-Occupied" 1095295
2002 4 2 2056 6743 1 1 1 0 2 9 "Owner-Occupied" 609386
2014 3 2 2056 7841 1 1 0 0 9 8 "Rental" 940937
2013 4 2 1803 6525 1 1 1 1 1 10 "Owner-Occupied" 722047
1996 4 3 2469 9401 1 1 0 0 1 9 "Owner-Occupied" 515720
2021 4 3 2219 10594 1 1 0 0 1 10 "Owner-Occupied" 769316
1996 3 2 2080 7736 1 1 0 0 9 9 "Rental" 741235
2014 3 2 1968 8769 1 1 0 0 9 9 "Rental" 940267
2015 3 1 2112 6340 1 0 0 1 8 9 "Owner-Occupied" 782168
2021 3 2 1995 9677 1 1 1 0 6 8 "Owner-Occupied" 1263307
2012 3 2 1607 4701 1 0 0 0 7 5 "Rental" 764987
2012 4 2 1900 9681 1 1 0 0 2 9 "Owner-Occupied" 589650
2006 3 2 1890 10701 1 1 0 0 7 3 "Owner-Occupied" 668674
2007 2 1 894 3588 0 0 0 0 5 5 "Rental" 441958
2007 4 3 2166 8119 1 1 1 0 2 9 "Owner-Occupied" 913884
2011 2 1 1104 3931 0 0 0 0 9 5 "Rental" 499053
2018 3 1 1839 7323 1 0 1 0 10 10 "Owner-Occupied" 983281
2018 8 3 3048 10614 1 1 1 1 1 9 "Owner-Occupied" 1676629
2018 3 1 1633 6666 1 0 0 0 8 4 "Owner-Occupied" 654806
2019 3 1 1945 6676 1 1 0 0 8 4 "Owner-Occupied" 913725
2019 2 2 1375 5960 0 0 0 0 4 1 "Rental" 438754
2016 3 2 2031 9628 1 1 0 0 3 9 "Owner-Occupied" 793211
2021 3 2 1946 6914 1 1 0 0 4 4 "Owner-Occupied" 787382
2003 2 1 1160 2611 0 0 0 0 7 2 "Rental" 371308
2011 2 1 1771 5673 1 0 0 0 5 3 "Owner-Occupied" 469562
1997 3 1 2012 6067 1 1 0 0 9 5 "Owner-Occupied" 551655
2011 1 1 950 3528 0 0 0 0 7 2 "Rental" 266917
2018 2 1 1015 3400 0 0 0 0 2 1 "Rental" 253415
1983 2 1 1872 8139 1 0 0 0 8 5 "Owner-Occupied" 537459
2021 3 1 1790 6883 1 1 0 0 7 2 "Owner-Occupied" 826239
1986 2 1 1026 3847 0 0 0 0 8 2 "Rental" 604319
2019 8 3 3222 13758 1 1 1 0 1 10 "Owner-Occupied" 1668353
2014 8 3 3023 8966 1 1 1 0 1 9 "Owner-Occupied" 1420415
2016 2 2 1151 4112 0 1 0 0 8 3 "Rental" 518837
2016 2 1 1160 3415 0 0 0 0 6 2 "Rental" 250462
2000 3 2 2275 8427 1 1 0 0 6 7 "Owner-Occupied" 561792
1995 4 3 2142 5011 1 1 0 0 3 5 "Owner-Occupied" 696680
2000 3 2 1973 5915 1 0 1 0 6 5 "Owner-Occupied" 613121
1986 8 3 3183 11203 1 1 1 1 1 9 "Owner-Occupied" 1163864
2016 4 2 1900 8164 1 1 0 0 1 9 "Owner-Occupied" 684831
1990 2 1 1288 7231 0 0 0 0 10 6 "Rental" 1014178
2021 2 2 997 3522 0 0 0 0 9 4 "Rental" 560861
2016 3 2 2005 6817 1 1 0 0 4 7 "Owner-Occupied" 581382
1985 3 2 2098 5514 1 1 0 0 10 5 "Rental" 1222685
2010 2 1 1240 4651 0 0 0 0 8 2 "Rental" 421790
2000 2 1 1311 5980 0 1 0 0 6 8 "Rental" 747804
2004 3 1 2032 9035 1 0 1 0 6 9 "Owner-Occupied" 1142219
1973 4 2 2229 7765 1 0 0 1 1 9 "Owner-Occupied" 428065
2020 3 2 1506 5858 0 0 0 0 9 6 "Rental" 661597
1995 2 1 1760 5974 1 0 0 1 7 7 "Owner-Occupied" 649477
2005 2 1 1350 4275 0 0 0 0 6 2 "Owner-Occupied" 810636
2019 4 3 1327 3065 0 0 1 0 2 7 "Owner-Occupied" 603528
2006 3 2 1965 5688 1 0 0 0 5 6 "Owner-Occupied" 483406
1992 3 1 1342 5128 0 0 0 0 7 5 "Rental" 437871
1960 2 1 1587 5675 1 0 0 0 8 9 "Owner-Occupied" 411806
2006 2 1 1372 4973 0 0 0 0 7 2 "Rental" 329158
1997 2 1 1239 4605 0 0 0 0 7 2 "Rental" 334027
2021 2 1 1328 4748 0 0 0 0 9 8 "Rental" 463383
2008 3 1 1635 5594 1 0 0 0 10 7 "Rental" 816704
2005 4 3 2098 6932 1 1 0 0 2 10 "Owner-Occupied" 708521
2002 1 1 1247 5195 0 0 0 0 2 3 "Rental" 291771
1999 3 2 1890 5810 1 0 0 1 5 8 "Owner-Occupied" 625280
2019 3 1 1766 7781 1 0 0 0 6 9 "Owner-Occupied" 580520
2019 2 1 1258 3815 0 0 0 0 6 4 "Rental" 394420
2011 3 1 1856 8211 1 1 0 0 5 9 "Owner-Occupied" 788617
2012 2 1 1221 3264 0 0 0 0 10 3 "Rental" 393358
2016 2 1 1296 5108 0 1 0 0 8 4 "Rental" 512733
1982 3 2 1914 6704 1 1 0 0 9 3 "Rental" 629179
2012 4 2 2151 8319 1 1 1 0 1 10 "Owner-Occupied" 932320
2012 3 1 1925 8718 1 0 0 0 6 8 "Owner-Occupied" 607221
2018 2 2 1807 7185 1 0 0 0 6 5 "Owner-Occupied" 583670
2021 3 2 2238 7290 1 0 0 0 8 7 "Owner-Occupied" 1314173
2006 3 2 1478 6609 0 0 1 0 6 6 "Owner-Occupied" 519250
2019 2 1 1229 4434 0 0 0 0 6 2 "Rental" 417220
1996 2 1 1180 4464 0 1 1 0 5 6 "Rental" 296605
2014 3 1 1992 6365 1 1 0 0 9 5 "Owner-Occupied" 804864
2000 3 2 2182 9321 1 0 0 0 6 9 "Owner-Occupied" 723237
2004 3 2 1811 8206 1 0 0 0 6 7 "Owner-Occupied" 576537
2020 3 2 1906 6453 1 1 1 0 7 6 "Owner-Occupied" 1094315
2009 2 1 1247 5592 0 0 0 0 4 4 "Rental" 466727
1995 2 1 1616 6348 1 0 0 0 3 7 "Owner-Occupied" 463450
2017 3 2 1975 5445 1 0 0 0 5 7 "Rental" 692889
2020 2 1 1408 5784 0 0 0 0 2 8 "Rental" 959847
2018 4 2 2396 10357 1 1 0 0 1 10 "Owner-Occupied" 785427
2010 2 1 1120 4873 0 0 0 0 5 4 "Rental" 385808
1968 3 1 1697 7701 1 1 0 0 7 5 "Owner-Occupied" 1078452
1973 3 1 1744 5972 1 1 1 0 9 5 "Owner-Occupied" 1136709
1995 2 1 1773 5823 1 0 0 0 4 5 "Owner-Occupied" 322967
1993 4 2 2008 6945 1 1 0 0 2 9 "Owner-Occupied" 523133
2011 2 1 1767 7480 1 0 0 0 7 4 "Owner-Occupied" 556054
2018 2 1 1097 3190 0 0 0 0 6 2 "Rental" 482916
2021 2 2 1308 4923 0 0 0 0 8 3 "Rental" 656813
2021 3 1 1880 7196 1 0 0 0 5 7 "Owner-Occupied" 866256
2021 6 3 2818 9807 1 1 1 0 1 8 "Owner-Occupied" 1104974
2013 1 1 918 3422 0 0 0 0 1 1 "Rental" 208268
1995 3 2 1927 8652 1 0 1 0 9 8 "Owner-Occupied" 874017
2004 1 1 1117 4878 0 0 0 0 1 1 "Rental" 154867
2003 4 3 2304 8954 1 0 0 0 1 7 "Owner-Occupied" 594101
1987 2 1 1190 1646 0 0 0 0 8 3 "Rental" 271825
2011 2 2 1881 7382 1 0 0 0 7 4 "Owner-Occupied" 528603
2019 2 1 1165 4992 0 0 0 0 8 4 "Rental" 405885
2006 3 2 1903 6341 1 1 1 0 6 6 "Owner-Occupied" 1053397
2021 3 1 1184 4081 0 1 0 0 8 5 "Rental" 1195852
2018 2 1 1653 6285 1 0 0 0 7 5 "Owner-Occupied" 684527
2019 3 2 2110 9970 1 0 0 0 4 6 "Owner-Occupied" 588491
2019 4 2 2093 11068 1 1 0 0 1 9 "Owner-Occupied" 674996
2013 4 3 2095 10448 1 1 1 0 1 8 "Owner-Occupied" 803526
2011 3 1 1815 6230 1 0 0 0 9 9 "Rental" 710285
2021 4 3 2223 8278 1 1 1 0 1 9 "Owner-Occupied" 935915
2017 3 2 1987 9146 1 1 0 0 7 7 "Owner-Occupied" 808995
2020 4 2 2061 6329 1 1 0 0 2 9 "Owner-Occupied" 731513
2018 2 2 1194 3734 0 0 0 0 9 3 "Rental" 593590
2018 3 2 1969 8919 1 1 0 0 9 5 "Owner-Occupied" 821331
2007 4 1 2132 8652 1 0 0 0 2 9 "Rental" 684479
2015 3 2 2036 7678 1 0 1 0 6 9 "Owner-Occupied" 803446
2016 2 1 1323 6290 0 0 0 0 6 1 "Rental" 643538
2018 4 3 2268 7520 1 1 0 0 1 9 "Owner-Occupied" 601041
2009 3 1 1796 6915 1 1 0 0 9 9 "Rental" 871643
2015 3 2 2064 7982 1 1 0 0 4 8 "Owner-Occupied" 578803
2007 3 1 1917 7140 1 1 0 0 8 7 "Owner-Occupied" 596815
1992 3 2 1733 6831 1 1 0 0 8 7 "Owner-Occupied" 521620
2021 3 2 2050 6083 1 0 0 0 8 6 "Owner-Occupied" 806080
1991 3 2 2030 8852 1 0 0 0 8 5 "Owner-Occupied" 839534
2016 3 2 2063 5217 1 0 0 0 7 3 "Owner-Occupied" 917882
2013 3 2 1921 8262 1 1 0 0 7 6 "Owner-Occupied" 681316
2011 2 2 1598 6953 0 0 0 0 6 8 "Rental" 414821
2007 4 2 2197 6866 1 1 0 0 1 8 "Owner-Occupied" 679923
2021 4 2 2092 7642 1 0 0 0 2 8 "Owner-Occupied" 652378
2021 1 1 889 3114 0 0 0 0 5 2 "Rental" 401156
1985 3 1 1827 9386 1 1 0 0 7 6 "Owner-Occupied" 481973
2016 4 2 2182 7603 1 0 1 0 1 9 "Owner-Occupied" 834907
2016 3 1 2001 7288 1 1 0 0 7 9 "Owner-Occupied" 658829
2015 3 2 1929 5500 1 0 0 1 6 6 "Owner-Occupied" 851873
2013 4 3 2300 8416 1 1 1 0 1 9 "Owner-Occupied" 1037548
2020 2 1 1130 4833 0 0 0 0 5 5 "Rental" 343799
2010 2 1 1368 4942 0 0 0 0 7 3 "Rental" 518152
1993 3 2 2100 6272 1 1 0 1 8 6 "Owner-Occupied" 675078
2021 4 3 2050 9153 1 1 0 0 1 7 "Owner-Occupied" 716037
2005 4 2 2222 7701 1 0 1 1 2 10 "Owner-Occupied" 986263
2016 3 2 1999 8823 1 1 0 0 3 9 "Owner-Occupied" 655463
2021 2 1 1682 7906 1 1 0 0 3 6 "Owner-Occupied" 810309
2016 2 1 1273 4551 0 0 0 0 5 5 "Rental" 322558
1967 1 1 936 4300 0 0 0 0 1 3 "Rental" 159054
2021 4 2 1376 4406 0 1 0 0 1 8 "Rental" 574565
2016 2 1 1722 6938 1 0 0 0 1 8 "Owner-Occupied" 490642
2007 4 2 1955 8831 1 1 1 0 3 10 "Owner-Occupied" 815038
1988 2 2 1201 5150 0 0 0 0 9 6 "Rental" 514343
2012 3 1 1836 6121 1 1 0 0 10 8 "Owner-Occupied" 1027303
1989 2 1 1845 6343 1 0 0 0 6 4 "Owner-Occupied" 386944
1998 4 3 2277 9585 1 1 0 0 1 10 "Owner-Occupied" 473915
1996 2 1 1090 3483 0 0 0 0 6 3 "Rental" 273723
2021 3 2 2000 6693 1 1 0 1 9 7 "Owner-Occupied" 948804
2019 3 2 1776 8014 1 1 0 0 9 6 "Rental" 1166683
2021 3 2 2033 8373 1 0 0 0 7 7 "Rental" 1062040
2014 2 1 1058 3840 0 0 0 0 7 3 "Rental" 325852
2001 4 2 2190 8722 1 1 0 0 3 9 "Owner-Occupied" 780410
2014 4 3 2263 10331 1 1 0 0 1 8 "Owner-Occupied" 650461
2020 3 2 2089 7411 1 0 0 0 6 7 "Owner-Occupied" 1130602
2007 4 3 2366 11576 1 1 0 0 3 10 "Owner-Occupied" 843670
1964 4 2 2494 8889 1 0 1 0 1 9 "Owner-Occupied" 475035
1999 4 3 2446 9222 1 1 0 0 1 10 "Owner-Occupied" 484360
2002 3 2 1830 6397 1 0 0 0 8 5 "Rental" 601962
1985 3 2 1903 9640 1 0 0 0 7 8 "Owner-Occupied" 679258
2005 3 2 1846 5365 1 0 1 0 6 6 "Owner-Occupied" 1040795
2014 2 1 1797 6336 1 0 0 0 5 4 "Owner-Occupied" 424798
2011 3 2 2027 7095 1 1 0 0 5 7 "Owner-Occupied" 567205
2020 2 1 1226 4465 0 1 0 0 8 3 "Rental" 523809
2019 3 2 2110 4902 1 1 1 0 5 7 "Owner-Occupied" 849750
2016 3 1 2041 8483 1 1 0 0 9 4 "Owner-Occupied" 810002
2000 3 2 1543 4446 0 0 0 0 9 6 "Rental" 690934
2020 4 2 1965 6218 1 1 0 0 1 9 "Owner-Occupied" 624081
2018 3 2 1915 6250 1 1 0 0 3 5 "Owner-Occupied" 582661
2018 3 1 1878 5761 1 1 0 0 8 3 "Owner-Occupied" 661803
2011 3 2 1738 5038 1 1 0 0 8 1 "Owner-Occupied" 720285
2021 2 1 1649 5922 1 0 0 0 6 1 "Owner-Occupied" 658380
1995 3 1 2005 6572 1 1 0 0 9 6 "Owner-Occupied" 1046577
2021 1 1 1072 4823 0 0 0 0 4 1 "Rental" 368765
2018 6 3 2599 6022 1 1 1 1 1 8 "Owner-Occupied" 895674
2021 4 2 2137 8919 1 0 0 0 1 10 "Owner-Occupied" 723532
2020 3 2 2012 9234 1 0 0 0 8 9 "Owner-Occupied" 1147543
2020 2 1 1068 4759 0 0 0 0 6 5 "Rental" 411924
1996 3 2 1969 7071 1 1 0 0 4 3 "Owner-Occupied" 437632
2018 2 2 1810 6834 1 1 1 0 7 3 "Owner-Occupied" 921625
2017 2 1 1526 5844 1 0 0 0 5 7 "Rental" 504836
2016 4 3 2151 9348 1 1 0 0 1 10 "Owner-Occupied" 1015337
2002 1 1 990 3935 0 0 0 0 8 1 "Rental" 313319
2011 2 2 1887 5725 1 0 0 0 7 2 "Owner-Occupied" 755893
2004 2 1 1123 5676 0 0 0 0 5 2 "Rental" 373186
2016 1 1 1176 4241 0 0 0 0 5 7 "Rental" 419477
2000 4 3 2142 5906 1 1 1 0 1 9 "Owner-Occupied" 586243
2016 3 1 1869 5394 1 1 0 0 10 1 "Owner-Occupied" 802695
2021 3 2 2022 8498 1 0 0 0 6 6 "Owner-Occupied" 843113
2019 4 2 1967 6134 1 1 1 0 3 10 "Owner-Occupied" 990258
2021 1 1 1075 4250 0 0 0 0 3 6 "Owner-Occupied" 154204
1989 3 2 1437 7620 0 1 0 0 8 6 "Rental" 574989
2019 3 1 1858 3568 1 0 0 0 9 6 "Owner-Occupied" 690253
2010 3 1 1796 6393 1 0 0 0 7 7 "Owner-Occupied" 521043
1979 3 2 1873 7374 1 1 0 0 5 8 "Owner-Occupied" 437822
2021 3 1 1983 6314 1 0 0 0 8 4 "Owner-Occupied" 783249
1986 3 2 2037 4119 1 0 0 0 7 7 "Owner-Occupied" 414327
2021 3 2 2028 6185 1 1 0 0 8 2 "Owner-Occupied" 1416831
2017 2 1 1160 3684 0 0 1 0 9 3 "Owner-Occupied" 377854
2017 3 2 1855 6618 1 1 0 0 9 5 "Rental" 921660
2015 6 3 2596 8759 1 1 1 0 2 9 "Owner-Occupied" 961081
2019 1 1 1021 3134 0 0 0 0 1 1 "Rental" 288424
2000 8 3 3002 12561 1 1 1 0 1 10 "Owner-Occupied" 1230115
2021 2 1 1830 3805 1 0 0 0 8 3 "Owner-Occupied" 899641
2007 3 2 1927 7797 1 1 0 0 7 8 "Owner-Occupied" 611699
2020 3 2 1947 6532 1 1 0 0 8 8 "Rental" 807081
2021 2 1 1663 6040 1 0 0 0 3 5 "Owner-Occupied" 508090
2004 2 2 1802 7178 1 0 0 0 5 5 "Owner-Occupied" 611810
2020 1 1 1205 4293 0 0 0 0 5 4 "Rental" 657200
2014 3 2 2046 7094 1 1 0 0 9 4 "Rental" 904506
2002 3 1 1660 6364 0 1 1 0 8 7 "Owner-Occupied" 1019493
2018 2 1 1159 4617 0 0 1 0 8 2 "Rental" 548040
2014 3 2 1471 5285 0 0 0 0 6 1 "Owner-Occupied" 433158
2007 3 2 2075 7106 1 0 0 0 9 4 "Rental" 717450
2020 3 2 1834 7641 1 0 0 0 7 4 "Owner-Occupied" 852017
2020 3 2 1859 4295 1 1 0 0 9 3 "Owner-Occupied" 774777
2016 4 2 2139 6015 1 0 0 0 2 7 "Owner-Occupied" 547496
2019 3 1 1634 5414 1 1 1 0 9 5 "Owner-Occupied" 898723
2021 1 1 863 3862 0 0 0 1 3 4 "Rental" 264944
1966 4 2 2007 8238 1 1 1 0 1 9 "Owner-Occupied" 713015
2020 4 3 2181 7882 1 0 0 0 2 9 "Owner-Occupied" 635495
2004 1 1 1040 5199 0 0 0 0 8 1 "Rental" 463478
2005 2 2 1321 5078 0 0 0 0 5 5 "Rental" 1089824
2021 2 1 1150 4325 0 1 0 0 6 2 "Rental" 383386
2002 3 2 2056 8961 1 1 0 0 6 5 "Owner-Occupied" 530112
2015 3 2 1924 6437 1 0 1 0 5 8 "Owner-Occupied" 866341
2021 2 1 1248 4402 0 0 0 0 4 5 "Rental" 325595
2017 3 2 2091 6263 1 1 0 0 8 7 "Owner-Occupied" 812485
2008 3 1 1392 6178 0 1 0 0 5 5 "Owner-Occupied" 431804
2021 2 1 1170 5490 0 0 0 0 4 4 "Rental" 440572
2019 3 2 2330 8104 1 1 0 0 8 8 "Owner-Occupied" 791494
2000 3 2 2064 6978 1 0 0 0 9 5 "Rental" 1080935
2017 4 2 2130 8368 1 1 0 0 1 10 "Owner-Occupied" 798846
2013 3 2 1914 8550 1 0 0 0 9 9 "Owner-Occupied" 1320279
2013 2 1 1456 4146 0 0 0 0 8 2 "Rental" 553836
2021 3 1 1765 5985 1 1 0 0 7 8 "Owner-Occupied" 798436
2012 2 1 1805 7413 1 0 0 0 8 2 "Owner-Occupied" 581808
1999 3 1 1831 5372 1 1 0 1 5 2 "Owner-Occupied" 533172
2017 3 1 1405 4078 0 1 0 1 9 2 "Rental" 588730
2007 3 2 1935 6125 1 1 0 0 6 8 "Owner-Occupied" 565144
2015 4 2 2199 8137 1 0 1 0 1 10 "Owner-Occupied" 704547
2015 3 2 2096 7107 1 1 0 0 6 5 "Owner-Occupied" 624051
2010 4 2 2232 8154 1 1 0 0 1 9 "Owner-Occupied" 778891
2021 4 2 2243 8326 1 1 0 0 1 10 "Owner-Occupied" 767132
1998 3 2 2089 7396 1 0 0 0 6 9 "Owner-Occupied" 542966
1973 2 1 1222 3586 0 0 0 0 5 6 "Rental" 187139
1992 2 1 1804 5561 1 0 0 0 9 2 "Owner-Occupied" 457814
2021 3 2 1805 6358 1 0 0 0 7 5 "Owner-Occupied" 1632944
1974 2 1 1690 6590 1 0 0 0 7 7 "Rental" 504394
2016 3 1 1748 4417 1 1 1 0 9 4 "Owner-Occupied" 952949
2021 3 2 1398 4645 0 0 0 0 8 6 "Rental" 1025733
2018 2 2 1558 6221 0 0 0 0 7 3 "Owner-Occupied" 444627
2017 3 2 1489 5546 0 1 0 0 9 2 "Rental" 747530
2009 1 1 1020 3597 0 0 0 0 3 2 "Rental" 1156587
2011 2 1 1067 4086 0 1 0 0 3 5 "Rental" 307529
2007 2 1 1144 3290 0 0 0 0 8 2 "Rental" 435941
2009 4 3 2416 11001 1 1 0 0 1 10 "Owner-Occupied" 803564
2021 2 1 1178 4842 0 0 0 0 8 1 "Rental" 660605
2021 1 1 1483 5897 1 0 0 0 6 6 "Rental" 567475
2014 3 2 1450 5425 0 1 1 0 3 5 "Owner-Occupied" 583434
2019 3 2 1905 6499 1 1 1 0 9 6 "Owner-Occupied" 1083775
1989 2 1 1173 3694 0 0 0 0 6 1 "Rental" 358395
2021 3 2 1970 7774 1 1 1 0 8 6 "Owner-Occupied" 1168175
2003 2 1 1255 4419 0 0 0 0 5 5 "Rental" 1052475
2021 3 2 2106 10495 1 1 0 0 6 6 "Owner-Occupied" 973504
1997 3 1 2079 10594 1 1 0 0 7 7 "Owner-Occupied" 824381
2008 3 2 1699 7117 1 0 0 0 8 10 "Rental" 788137
2016 6 3 2607 11820 1 1 0 0 2 8 "Owner-Occupied" 796924
1981 3 2 1898 7545 1 0 0 0 6 9 "Owner-Occupied" 432918
1987 3 2 1805 5226 1 1 0 0 7 4 "Owner-Occupied" 1069876
2005 3 2 2034 6380 1 0 0 0 8 7 "Owner-Occupied" 548880
2018 3 1 1981 4874 1 1 0 0 7 4 "Owner-Occupied" 776346
2015 3 2 1398 4984 0 1 0 0 9 2 "Rental" 634280
1998 3 2 1560 4423 0 0 0 0 9 3 "Rental" 750908
2012 3 2 1897 8188 1 1 0 0 8 9 "Owner-Occupied" 778503
1997 3 2 1968 8446 1 0 0 0 8 8 "Owner-Occupied" 767627
2021 2 1 1132 4229 0 0 0 0 6 6 "Rental" 523610
1985 2 1 1175 2409 0 0 0 0 8 3 "Rental" 335235
2016 3 1 1900 7053 1 1 0 1 7 9 "Owner-Occupied" 676268
1994 2 1 1843 7612 1 0 0 0 6 4 "Owner-Occupied" 483520
1978 1 1 1091 5248 0 0 0 0 1 6 "Rental" 400602
2021 3 2 1894 9337 1 1 0 0 4 8 "Owner-Occupied" 809460
2020 4 3 2176 9013 1 1 1 0 1 9 "Owner-Occupied" 1435894
2015 4 3 2103 8552 1 1 0 0 1 10 "Owner-Occupied" 642101
2021 3 2 1818 5722 1 0 0 0 10 7 "Rental" 1080719
1979 2 1 1103 3828 0 0 0 0 3 1 "Rental" 192420
2021 2 1 1817 7950 1 0 0 0 8 5 "Owner-Occupied" 783672
2016 3 1 1219 6476 0 1 0 0 5 3 "Rental" 565399
2016 3 2 2115 6222 1 1 0 0 6 8 "Owner-Occupied" 644750
2010 3 1 1910 7667 1 0 1 0 5 7 "Owner-Occupied" 761226
2015 4 3 2337 8358 1 1 0 0 1 9 "Owner-Occupied" 728407
2015 3 2 1934 7704 1 0 0 0 9 9 "Owner-Occupied" 900456
1994 2 1 1142 5301 0 0 0 0 3 7 "Rental" 206300
2020 4 2 1722 5395 0 1 0 0 1 7 "Owner-Occupied" 569597
2016 3 2 1923 6967 1 0 0 0 6 5 "Owner-Occupied" 590000
2015 3 1 1607 4826 1 0 0 0 8 8 "Owner-Occupied" 1168673
2018 2 1 1170 4936 0 0 0 0 3 2 "Rental" 218113
2021 3 2 1476 7023 0 0 0 0 3 2 "Rental" 606605
1977 2 2 1286 4839 0 0 0 0 7 4 "Rental" 442383
2014 1 1 1179 4333 0 0 0 0 2 8 "Rental" 211626
1995 3 2 1992 7858 1 1 0 0 6 8 "Owner-Occupied" 779765
1982 1 1 1056 5174 0 0 0 0 2 2 "Rental" 1023959
2021 6 3 2728 11904 1 1 1 0 1 8 "Owner-Occupied" 1501691
2021 2 1 1766 6101 1 1 0 0 7 5 "Owner-Occupied" 694210
1999 3 2 1876 6118 1 1 0 0 4 2 "Owner-Occupied" 422790
2019 3 2 1944 6143 1 0 0 0 8 6 "Rental" 851493
2016 3 2 1437 6402 0 1 0 0 3 7 "Owner-Occupied" 554446
2019 4 3 2303 8802 1 1 0 0 1 8 "Owner-Occupied" 704314
1984 3 2 1818 7712 1 1 1 0 9 4 "Owner-Occupied" 1083531
2021 3 2 1986 7492 1 1 0 1 8 6 "Owner-Occupied" 915850
2007 2 1 1781 7856 1 0 0 0 6 7 "Owner-Occupied" 604695
1992 3 2 1903 6607 1 0 0 0 8 8 "Rental" 621669
1996 4 2 1950 8440 1 0 1 0 1 10 "Owner-Occupied" 798607
1979 4 1 2017 7242 1 1 0 0 5 7 "Owner-Occupied" 474980
2019 3 1 1756 5420 1 0 0 1 8 4 "Owner-Occupied" 832939
1999 4 3 2408 8994 1 1 0 0 2 8 "Owner-Occupied" 737529
2016 3 2 2105 8909 1 1 0 0 8 8 "Owner-Occupied" 804171
2002 2 2 1220 4892 0 0 0 0 9 7 "Rental" 577105
2001 3 2 1640 5683 0 0 0 0 7 9 "Owner-Occupied" 515389
1996 2 1 1708 6426 1 0 0 0 5 2 "Rental" 491277
2021 1 1 1040 5029 0 0 0 0 2 2 "Rental" 299479
2020 2 1 1382 4931 0 0 0 0 7 4 "Owner-Occupied" 285062
1991 4 2 1568 4599 0 0 0 0 1 6 "Owner-Occupied" 363005
1996 4 1 2008 7619 1 1 0 0 1 9 "Owner-Occupied" 379395
2005 2 1 1109 3560 0 0 1 0 4 9 "Owner-Occupied" 233761
2001 4 2 1952 10417 1 1 0 0 1 9 "Owner-Occupied" 562082
2016 1 1 1136 5063 0 0 0 0 1 5 "Rental" 227046
2010 3 2 2118 9339 1 1 0 0 3 9 "Owner-Occupied" 586107
2015 3 1 1866 5735 1 1 0 0 7 3 "Owner-Occupied" 703872
2005 3 2 1975 9113 1 0 0 0 9 8 "Owner-Occupied" 1037071
2015 4 3 2066 5233 1 0 0 0 5 9 "Owner-Occupied" 1359403
2002 4 3 2191 7576 1 1 0 0 1 10 "Owner-Occupied" 1145276
2001 3 2 1791 4486 1 0 0 0 9 5 "Rental" 862512
2011 2 1 1772 5145 1 1 0 0 9 1 "Rental" 802527
2021 2 1 1282 5526 0 0 0 0 5 5 "Rental" 554208
2021 3 2 2169 7593 1 1 0 0 9 7 "Owner-Occupied" 980597
2000 3 2 1886 4772 1 0 0 0 9 5 "Owner-Occupied" 554410
1965 4 3 2473 9016 1 1 0 0 1 10 "Owner-Occupied" 367028
1990 3 1 2082 7669 1 1 0 0 7 8 "Owner-Occupied" 583867
2014 3 2 2028 7470 1 0 0 0 9 9 "Owner-Occupied" 1080629
1970 2 2 2060 4259 1 0 0 0 7 4 "Owner-Occupied" 475381
2010 2 1 1250 4982 0 0 0 0 6 5 "Rental" 379557
2009 3 2 2133 6428 1 1 0 0 8 5 "Owner-Occupied" 933579
2013 3 2 2023 8714 1 0 0 0 6 4 "Owner-Occupied" 671593
1979 3 2 1820 5632 1 1 0 0 9 1 "Owner-Occupied" 556551
2020 3 2 2118 8217 1 1 0 0 6 5 "Owner-Occupied" 856491
2002 2 1 1152 4015 0 1 0 0 5 1 "Rental" 283522
1999 1 1 1054 3857 0 0 0 0 2 2 "Rental" 167820
2018 3 2 1917 8038 1 0 0 0 7 8 "Owner-Occupied" 811347
2016 3 1 1929 6965 1 1 0 0 9 9 "Owner-Occupied" 759978
2015 2 1 1328 7459 0 0 0 0 9 4 "Rental" 585869
2016 3 2 1756 8067 1 1 0 0 8 3 "Owner-Occupied" 734777
2019 3 2 1868 8089 1 1 0 0 8 7 "Owner-Occupied" 912603
2018 3 2 2128 8288 1 1 0 0 5 10 "Owner-Occupied" 643843
2015 1 1 1173 3389 0 0 0 0 4 4 "Rental" 268318
2006 4 3 2142 7173 1 1 1 0 4 9 "Owner-Occupied" 824914
2008 4 2 1522 6889 0 1 0 0 1 8 "Owner-Occupied" 381260
1993 4 2 2163 8552 1 1 0 0 1 9 "Owner-Occupied" 674983
2006 8 3 2830 14550 1 1 1 0 1 10 "Owner-Occupied" 1542975
2009 2 1 1323 5554 0 0 0 0 4 1 "Rental" 363194
2012 3 2 2081 8591 1 1 0 0 9 6 "Owner-Occupied" 808834
2021 3 2 2107 8098 1 1 0 0 7 5 "Owner-Occupied" 838785
2018 4 3 2151 7460 1 1 0 0 1 8 "Owner-Occupied" 576099
2000 6 3 2964 9375 1 0 1 0 1 8 "Owner-Occupied" 946892
2018 6 3 2609 9778 1 1 1 0 1 10 "Owner-Occupied" 911247
2009 3 2 2012 7458 1 1 0 0 7 9 "Owner-Occupied" 663870
2015 2 1 1144 4106 0 0 0 0 8 2 "Rental" 436858
1994 4 3 2003 9077 1 1 0 0 2 9 "Owner-Occupied" 640193
2015 3 1 1677 5684 1 1 0 0 9 5 "Owner-Occupied" 802328
2000 3 1 2023 6685 1 1 0 0 9 9 "Rental" 817461
2013 3 1 2091 6156 1 1 0 1 9 2 "Owner-Occupied" 1025976
2021 3 1 1752 6636 1 1 0 0 6 5 "Owner-Occupied" 862706
2020 2 1 1183 3748 0 0 0 0 4 1 "Rental" 441288
2011 1 1 1102 4810 0 0 0 0 3 3 "Rental" 395317
2001 4 3 2326 9443 1 1 0 0 1 9 "Owner-Occupied" 914152
2016 1 1 1277 4035 0 0 0 0 3 2 "Rental" 178952
1998 4 2 1895 5083 1 1 0 1 2 8 "Owner-Occupied" 1035759
1986 3 2 1940 6075 1 1 0 0 10 5 "Owner-Occupied" 619178
2015 3 1 1935 8541 1 1 0 0 8 7 "Owner-Occupied" 1064423
2007 3 2 1832 6001 1 1 0 0 8 6 "Owner-Occupied" 599739
2013 3 1 1901 9695 1 0 0 0 6 7 "Owner-Occupied" 603353
2010 4 3 2183 7882 1 1 0 0 1 9 "Owner-Occupied" 657618
1977 2 1 1604 7872 1 0 0 0 8 4 "Owner-Occupied" 496961
2021 2 1 1362 4553 0 1 0 0 7 3 "Owner-Occupied" 680370
2019 3 1 1870 5356 1 0 0 0 9 8 "Owner-Occupied" 948304
2021 3 2 1985 7431 1 1 0 0 7 7 "Owner-Occupied" 1129530
2021 4 3 2167 6988 1 0 1 0 3 10 "Owner-Occupied" 1222945
2006 3 2 1544 3986 0 1 0 0 9 4 "Rental" 712914
1995 3 2 1927 6736 1 0 1 0 7 10 "Owner-Occupied" 702988
2003 2 2 1866 6353 1 0 0 0 6 2 "Owner-Occupied" 796612
2013 2 1 1366 6645 0 0 0 1 7 6 "Rental" 464981
2016 3 2 1925 6244 1 1 0 0 7 2 "Owner-Occupied" 886133
1992 3 2 1957 8824 1 1 0 0 3 8 "Owner-Occupied" 412740
2015 3 2 2135 6411 1 1 0 0 6 6 "Owner-Occupied" 737252
2010 3 1 1751 7945 1 0 0 0 7 9 "Rental" 668542
2001 4 2 2032 9449 1 1 0 0 1 9 "Owner-Occupied" 520915
2020 3 2 2290 10000 1 1 0 0 6 8 "Rental" 986851
2013 2 1 1076 4898 0 0 0 0 8 2 "Rental" 429915
1984 2 1 1146 1267 0 0 0 0 8 4 "Rental" 506387
2015 4 2 2210 9523 1 0 0 0 1 10 "Owner-Occupied" 583808
2017 2 1 1572 6153 1 0 0 0 7 3 "Owner-Occupied" 893035
1973 2 1 1753 7244 1 0 0 0 6 1 "Owner-Occupied" 309951
2020 3 2 1853 5174 1 1 0 0 6 6 "Rental" 1165028
1959 2 1 1279 4115 0 0 0 0 8 4 "Rental" 357692
2002 3 1 1970 8274 1 0 0 0 8 5 "Owner-Occupied" 553885
2014 4 3 1956 6139 1 1 0 0 1 8 "Owner-Occupied" 707911
2021 3 1 1789 5974 1 1 0 0 10 3 "Owner-Occupied" 898231
1999 4 2 2116 5741 1 1 0 0 7 6 "Owner-Occupied" 608218
2017 3 2 1481 3164 0 1 0 0 6 2 "Owner-Occupied" 392468
2019 3 2 1398 7267 0 1 0 0 6 5 "Owner-Occupied" 826659
2014 4 2 2141 6463 1 0 0 0 1 8 "Owner-Occupied" 780011
2021 3 2 1905 8362 1 0 1 1 6 9 "Owner-Occupied" 1466671
2021 3 2 1816 6376 1 1 0 0 6 8 "Owner-Occupied" 773535
2017 3 1 1887 5665 1 0 0 0 6 6 "Owner-Occupied" 521216
2016 2 1 1108 4192 0 0 0 0 10 6 "Rental" 798454
1998 2 1 1445 7726 0 0 0 0 3 2 "Rental" 245579
2020 3 1 1830 6817 1 0 0 0 8 7 "Owner-Occupied" 883317
2007 3 2 2093 7537 1 0 0 0 10 2 "Rental" 890578
1993 3 1 1390 4561 0 0 0 0 7 2 "Rental" 334158
2017 3 1 1966 9067 1 0 0 0 4 6 "Owner-Occupied" 576609
2018 2 1 1264 4800 0 1 0 0 3 5 "Rental" 292576
2003 3 1 2085 9197 1 1 0 0 4 9 "Owner-Occupied" 488079
2020 3 2 2181 11187 1 1 1 0 8 9 "Owner-Occupied" 1193946
2011 3 2 2068 6419 1 1 0 0 8 8 "Rental" 1198195
2021 2 1 1046 4468 0 0 0 0 7 8 "Rental" 544894
1999 4 3 2201 8286 1 1 0 0 3 9 "Owner-Occupied" 527270
2015 2 1 1275 5832 0 0 0 0 3 8 "Rental" 301908
2003 3 2 1726 5498 1 1 0 0 8 2 "Owner-Occupied" 536554
2012 4 3 2056 5993 1 1 0 0 2 10 "Owner-Occupied" 557731
2002 3 2 1933 6598 1 1 0 1 9 8 "Owner-Occupied" 731740
2008 3 2 2005 8278 1 1 0 0 8 4 "Rental" 853263
2003 4 2 2099 8783 1 0 0 0 3 9 "Owner-Occupied" 667436
1999 4 3 2387 5729 1 0 0 1 4 10 "Owner-Occupied" 891939
2011 3 1 1980 7502 1 1 0 0 8 3 "Owner-Occupied" 845393
2003 4 2 2093 8777 1 1 1 0 1 10 "Owner-Occupied" 606490
2021 4 2 1860 7262 1 1 1 0 1 9 "Owner-Occupied" 845902
2017 3 2 1647 6199 0 0 0 0 9 2 "Rental" 759285
1981 3 2 1903 7671 1 1 0 0 4 8 "Owner-Occupied" 481965
2001 2 1 1839 5969 1 0 0 0 8 2 "Owner-Occupied" 426818
2021 3 2 2006 7339 1 1 0 0 8 9 "Owner-Occupied" 873603
2007 2 1 1144 4374 0 0 0 0 9 1 "Rental" 379691
1985 3 2 1992 9721 1 1 0 0 6 2 "Rental" 566649
2021 4 3 2238 10293 1 1 1 0 1 10 "Owner-Occupied" 1233546
2019 3 2 2093 8055 1 0 0 1 7 7 "Owner-Occupied" 724048
2021 4 2 2412 8681 1 1 0 0 3 9 "Owner-Occupied" 1135959
2003 2 1 1616 6066 1 0 0 0 8 7 "Owner-Occupied" 748281
2006 2 2 1573 5954 0 0 0 0 7 4 "Rental" 587612
2018 3 1 1909 7499 1 1 0 0 8 8 "Owner-Occupied" 798638
2020 2 1 1004 2037 0 0 0 1 3 3 "Rental" 769196
2018 2 1 1196 4845 0 0 0 0 7 3 "Rental" 404515
2019 3 2 2097 6360 1 1 0 0 5 3 "Owner-Occupied" 576713
2016 4 2 2111 9775 1 1 0 0 2 8 "Owner-Occupied" 1477094
1988 3 1 1866 7662 1 1 1 0 9 8 "Owner-Occupied" 930677
2013 2 1 1723 5239 1 0 1 0 8 3 "Owner-Occupied" 825242
2021 3 2 2131 4838 1 0 0 0 8 3 "Owner-Occupied" 752214
2008 3 1 1882 3560 1 1 0 0 8 5 "Owner-Occupied" 623352
2019 3 2 1904 7651 1 1 0 0 7 5 "Owner-Occupied" 723770
1987 4 3 1548 5226 0 1 0 0 2 8 "Owner-Occupied" 369751
2013 3 2 2057 8837 1 0 0 0 9 7 "Owner-Occupied" 806512
1995 3 2 1913 5702 1 0 0 0 3 7 "Owner-Occupied" 335573
2020 4 3 2512 9730 1 1 0 0 1 10 "Owner-Occupied" 672532
1984 3 1 1989 4203 1 1 1 0 10 9 "Owner-Occupied" 1051245
2001 4 2 2428 10978 1 1 0 0 1 9 "Owner-Occupied" 593326
2008 3 2 1863 6655 1 0 0 0 6 8 "Rental" 638631
2001 3 2 1991 6651 1 1 0 0 9 6 "Rental" 834841
2020 3 2 2044 8261 1 1 0 0 5 4 "Rental" 806274
2020 3 2 2161 8079 1 0 0 0 4 7 "Owner-Occupied" 619447
1984 3 2 1855 5404 1 1 0 0 6 4 "Owner-Occupied" 405127
2014 2 1 1447 6172 0 0 1 0 8 5 "Rental" 794286
2020 3 2 1822 5588 1 1 0 0 8 3 "Rental" 1175490
2001 8 3 3107 9958 1 1 1 0 1 9 "Owner-Occupied" 1185109
2006 4 2 2117 8865 1 0 0 0 1 8 "Owner-Occupied" 595193
2006 6 3 2495 9262 1 1 1 0 1 8 "Owner-Occupied" 836224
2016 3 1 1869 4141 1 1 0 0 8 5 "Owner-Occupied" 720163
2011 3 1 1787 7977 1 1 0 0 8 9 "Rental" 812427
2009 3 2 1957 6198 1 1 0 0 7 7 "Owner-Occupied" 611048
2018 3 1 1776 6378 1 1 0 0 8 4 "Owner-Occupied" 735731
2021 2 1 1112 3303 0 0 0 0 5 5 "Rental" 334645
2010 1 1 1087 3755 0 0 0 0 7 2 "Rental" 418260
2015 2 1 990 3864 0 0 0 0 4 4 "Rental" 304834
1997 2 1 1283 4111 0 0 0 1 6 1 "Owner-Occupied" 184597
2008 3 1 1826 7226 1 0 0 0 7 6 "Owner-Occupied" 537143
2007 1 1 905 3105 0 0 0 0 5 2 "Rental" 1308718
2012 3 2 1972 6662 1 1 0 0 8 5 "Owner-Occupied" 673345
2019 3 2 2107 6580 1 1 1 1 4 4 "Owner-Occupied" 783488
2004 2 1 1446 5536 0 0 0 0 2 5 "Rental" 217360
2021 4 2 2144 8228 1 1 0 0 3 9 "Owner-Occupied" 780775
2015 3 1 1914 6318 1 0 0 0 6 3 "Owner-Occupied" 647362
1987 2 1 1266 5453 0 0 0 0 3 4 "Rental" 209453
1987 4 2 2000 7135 1 0 0 0 2 4 "Owner-Occupied" 383508
1977 8 3 3321 12104 1 1 1 1 1 9 "Owner-Occupied" 1439188
2019 3 2 1638 6021 0 0 0 0 8 5 "Rental" 615631
2016 4 3 2251 7178 1 1 0 0 3 9 "Owner-Occupied" 1240050
2017 3 2 2011 6857 1 1 0 0 5 6 "Owner-Occupied" 1283002
2007 3 2 2201 8166 1 1 0 0 9 7 "Owner-Occupied" 724959
2011 2 2 1298 5610 0 0 0 0 7 4 "Rental" 647929
2016 3 1 1248 5318 0 0 1 0 7 8 "Owner-Occupied" 583842
2016 4 2 1601 6167 0 0 0 0 3 8 "Owner-Occupied" 509793
1975 2 1 1077 3334 0 0 0 0 8 3 "Rental" 362886
2009 2 1 1095 3667 0 0 0 0 5 2 "Rental" 220997
2021 3 1 1880 8314 1 0 0 0 9 9 "Owner-Occupied" 909170
1993 3 2 2012 6717 1 1 0 0 8 7 "Owner-Occupied" 552710
2018 3 2 1991 8307 1 1 0 0 9 9 "Owner-Occupied" 1135786
1979 4 3 2421 6959 1 1 0 0 5 9 "Owner-Occupied" 875270
2019 3 1 1782 6200 1 1 1 0 9 6 "Owner-Occupied" 1187945
2006 3 2 1448 5171 0 1 0 0 7 6 "Rental" 550686
1998 3 2 1808 6487 1 1 0 0 8 9 "Owner-Occupied" 554405
2020 2 1 1134 5245 0 0 0 0 6 5 "Rental" 420935
2000 4 2 2237 9413 1 0 1 0 2 10 "Owner-Occupied" 797081
2017 3 2 1419 5293 0 1 0 0 7 8 "Rental" 609300
2001 3 2 2014 9130 1 1 0 0 2 7 "Owner-Occupied" 400131
1989 2 1 1292 6234 0 1 0 0 4 4 "Rental" 265408
2011 2 2 1297 6750 0 0 0 0 5 1 "Rental" 473326
1985 3 2 2009 8619 1 1 0 0 8 8 "Owner-Occupied" 1237641
2003 2 1 1166 3963 0 0 0 0 8 6 "Rental" 348930
2016 1 1 982 4213 0 0 0 0 2 1 "Rental" 189310
2011 3 2 2162 10780 1 0 0 0 5 6 "Owner-Occupied" 747972
2007 2 1 1192 4509 0 0 0 0 9 7 "Rental" 314019
2011 4 3 2209 7468 1 0 1 0 2 10 "Owner-Occupied" 740314
2007 3 2 1834 9105 1 1 1 0 6 8 "Owner-Occupied" 1124036
2005 3 2 2037 10771 1 1 0 0 6 9 "Owner-Occupied" 801994
1995 3 1 1848 7185 1 1 0 0 7 9 "Owner-Occupied" 1016474
2012 3 1 2021 6748 1 0 0 0 7 8 "Rental" 829143
1999 6 3 2643 5476 1 1 1 0 1 5 "Owner-Occupied" 823824
2005 3 1 1730 5951 1 0 0 0 8 3 "Rental" 1114743
2021 4 3 2270 12033 1 0 1 0 1 9 "Owner-Occupied" 977253
2018 2 2 1638 6649 1 0 0 0 4 7 "Owner-Occupied" 477739
2021 3 2 1875 6505 1 1 0 0 9 7 "Rental" 1071200
2021 1 1 1130 3065 0 0 0 0 7 5 "Owner-Occupied" 238693
2010 2 1 1270 4455 0 0 0 1 8 6 "Rental" 344679
2021 2 2 1364 4079 0 1 0 0 5 1 "Rental" 584318
2000 3 2 2028 10655 1 1 0 0 7 4 "Owner-Occupied" 669793
2013 4 2 2164 9626 1 1 0 0 4 9 "Owner-Occupied" 754004
2018 3 2 2076 8876 1 1 0 0 7 3 "Owner-Occupied" 774757
2008 4 2 2412 7485 1 1 0 0 1 9 "Owner-Occupied" 536450
2001 2 1 1311 5781 0 1 0 0 3 1 "Rental" 730953
2003 3 1 1900 4881 1 1 0 0 9 6 "Owner-Occupied" 745405
2000 2 1 1826 5548 1 0 0 0 9 1 "Owner-Occupied" 467831
2017 2 1 1656 7034 1 0 0 0 2 6 "Owner-Occupied" 424494
2019 3 2 1828 7420 1 0 0 0 6 8 "Owner-Occupied" 627060
2018 4 2 2165 5515 1 0 0 0 3 9 "Owner-Occupied" 1510509
2017 2 2 1232 4175 0 0 0 0 5 4 "Rental" 314512
2012 3 2 2027 7895 1 0 0 0 9 4 "Rental" 963546
2021 2 1 1298 4387 0 1 0 0 9 4 "Rental" 763089
2021 2 1 1382 5043 0 0 1 0 4 5 "Rental" 534530
2010 3 1 1909 8297 1 1 0 0 7 6 "Rental" 774516
2021 3 1 1857 7840 1 1 0 1 5 6 "Owner-Occupied" 737755
2015 2 1 1644 5197 1 0 0 0 8 6 "Owner-Occupied" 510550
2016 4 2 2183 7842 1 1 1 0 1 10 "Owner-Occupied" 852911
2021 3 2 1959 7218 1 1 0 0 9 8 "Rental" 1001234
2014 4 3 2004 7511 1 0 1 0 1 8 "Owner-Occupied" 857313
2005 4 2 2177 9535 1 1 1 1 3 10 "Owner-Occupied" 805763
2015 2 2 1292 5213 0 0 0 0 7 3 "Rental" 377974
2012 3 1 1632 5787 1 0 0 0 8 5 "Owner-Occupied" 737329
2018 1 1 1065 3269 0 0 0 0 5 1 "Rental" 250051
2011 4 3 2102 8270 1 0 0 0 1 7 "Owner-Occupied" 999417
2016 3 2 1335 3294 0 1 0 0 9 3 "Owner-Occupied" 544594
2013 3 1 1702 7588 1 0 0 0 8 7 "Owner-Occupied" 651994
2018 4 3 2211 11271 1 1 0 0 1 10 "Owner-Occupied" 718151
2012 4 2 2267 10404 1 1 0 0 1 10 "Owner-Occupied" 584173
2000 3 2 2121 5960 1 1 0 0 6 7 "Owner-Occupied" 754640
2017 4 2 2108 7539 1 0 0 0 1 10 "Owner-Occupied" 963439
2010 2 1 1121 3754 0 0 0 0 2 4 "Rental" 349786
2021 4 2 2125 7940 1 1 0 0 1 6 "Owner-Occupied" 1303398
2003 2 1 1239 4745 0 0 0 0 7 2 "Rental" 392569
2014 3 2 2118 8674 1 0 0 0 6 7 "Owner-Occupied" 772615
2021 4 2 2218 10895 1 0 0 0 1 10 "Owner-Occupied" 885142
2018 4 3 2233 10804 1 1 0 0 3 9 "Owner-Occupied" 813420
2001 2 1 1223 4448 0 0 0 0 5 8 "Rental" 334618
1981 4 2 2154 9101 1 1 0 0 1 10 "Rental" 544601
1995 3 2 1927 9504 1 0 0 0 4 8 "Owner-Occupied" 729383
1990 2 2 1258 6046 0 0 0 0 3 2 "Rental" 611916
2005 3 2 2064 5166 1 0 0 0 9 7 "Rental" 774168
2013 4 2 2214 7625 1 1 0 0 1 8 "Owner-Occupied" 535952
1970 2 1 1684 6508 1 0 0 0 7 5 "Rental" 522725
2018 3 1 1759 8543 1 1 0 1 7 6 "Owner-Occupied" 707119
2016 2 2 1289 3896 0 0 0 0 7 2 "Rental" 436304
1986 2 1 1688 6240 1 0 1 0 9 3 "Owner-Occupied" 788771
1998 3 1 1141 2721 0 0 0 1 9 6 "Rental" 407776
2018 3 1 1937 10262 1 1 0 0 6 7 "Owner-Occupied" 661383
2016 3 2 1913 9076 1 1 0 0 5 3 "Owner-Occupied" 622335
2009 2 2 1369 4417 0 0 0 0 4 3 "Rental" 329902
2010 3 2 2079 6102 1 1 0 0 3 4 "Owner-Occupied" 430362
1992 1 1 940 4072 0 0 0 0 1 7 "Rental" 397188
1997 3 2 2124 8468 1 1 0 0 10 8 "Rental" 903469
2008 2 1 1013 5055 0 0 0 0 2 2 "Rental" 300045
2021 3 2 2093 6892 1 1 1 0 6 2 "Owner-Occupied" 1044640
2021 3 1 1851 7887 1 0 1 0 6 9 "Rental" 965176
2015 3 2 1820 7070 1 1 0 0 9 7 "Owner-Occupied" 805310
2017 3 2 2072 10308 1 0 0 0 3 7 "Owner-Occupied" 681692
2013 3 1 2040 6253 1 0 0 0 6 7 "Owner-Occupied" 898036
2013 3 2 1946 6719 1 1 0 0 8 3 "Owner-Occupied" 1129067
2020 4 2 2365 8211 1 1 0 0 3 9 "Owner-Occupied" 1203565
2011 3 2 2164 8374 1 1 0 0 4 4 "Owner-Occupied" 796917
2008 6 3 2616 9648 1 1 1 1 1 8 "Owner-Occupied" 905728
2014 4 2 2084 6064 1 1 0 0 1 6 "Owner-Occupied" 664144
2019 2 2 1852 7262 1 0 0 0 4 9 "Owner-Occupied" 468769
2019 1 1 1178 3971 0 0 0 0 2 1 "Rental" 342564
2018 2 1 1187 5578 0 0 0 0 4 3 "Rental" 271844
1999 2 1 1230 3489 0 0 0 0 7 1 "Rental" 762169
2021 4 2 2162 9880 1 1 0 0 1 9 "Owner-Occupied" 715343
2020 3 1 1210 4390 0 1 0 0 9 4 "Rental" 615739
2013 2 1 1246 4791 0 0 1 0 7 6 "Owner-Occupied" 330748
2020 3 1 1477 5711 0 1 0 0 9 3 "Rental" 851593
2004 3 1 1684 7803 1 1 0 0 5 5 "Owner-Occupied" 431103
1988 2 1 1355 5233 0 0 0 0 2 3 "Rental" 265577
2012 3 1 2024 8687 1 0 0 0 8 8 "Rental" 1203484
2020 3 2 2040 8662 1 1 0 0 7 7 "Owner-Occupied" 831176
2021 3 1 1738 7650 1 1 0 0 2 3 "Owner-Occupied" 718423
2005 3 1 1445 4882 0 1 0 0 4 2 "Owner-Occupied" 452180
2018 2 1 1355 6383 0 0 0 1 4 1 "Owner-Occupied" 1096790
2014 3 2 2222 9022 1 1 0 0 6 8 "Owner-Occupied" 680577
2017 3 2 1910 6120 1 0 1 0 9 3 "Owner-Occupied" 944043
2007 2 1 1089 4999 0 0 0 0 2 5 "Rental" 236470
2014 4 3 2451 9895 1 1 1 0 1 10 "Owner-Occupied" 1058965
1975 4 2 1968 8134 1 1 0 1 4 9 "Owner-Occupied" 560126
2013 3 2 1849 8442 1 0 0 0 8 3 "Owner-Occupied" 1083257
2009 3 2 2035 5440 1 1 0 0 6 8 "Owner-Occupied" 631033
2012 3 2 1992 7966 1 1 0 0 8 9 "Owner-Occupied" 1008679
2018 6 3 2731 12279 1 1 1 0 1 9 "Owner-Occupied" 1411518
2010 2 1 1432 6204 0 0 0 0 5 8 "Rental" 422325
2007 8 3 3067 12083 1 1 1 0 1 10 "Owner-Occupied" 1335418
1980 2 1 1146 5276 0 1 0 0 9 2 "Rental" 818913
2008 3 1 1871 5597 1 1 0 0 9 5 "Rental" 723284
2020 2 1 1038 3523 0 0 0 0 7 6 "Rental" 720165
1972 3 2 1504 4936 0 1 0 0 9 4 "Rental" 441727
2017 4 3 2379 11714 1 1 0 0 1 10 "Owner-Occupied" 971317
2005 4 3 1583 6295 0 1 0 0 4 4 "Owner-Occupied" 437573
2021 2 2 1370 4722 0 0 0 0 3 4 "Rental" 547535
2008 2 1 1191 4837 0 0 0 0 7 8 "Rental" 411257
2018 3 1 1403 3615 0 0 0 0 8 5 "Rental" 709800
2005 4 3 1769 8850 1 0 0 0 3 9 "Owner-Occupied" 584607
2017 2 1 1125 4643 0 0 0 0 9 6 "Rental" 541951
2015 2 1 1348 6964 0 0 0 0 8 5 "Rental" 558752
1994 3 2 1700 5203 1 1 0 0 9 1 "Rental" 924894
2016 3 2 1217 5148 0 1 0 0 6 4 "Owner-Occupied" 847373
2013 1 1 1069 3971 0 0 0 0 2 4 "Rental" 308868
2014 2 1 1198 5169 0 0 0 0 4 5 "Owner-Occupied" 163821
2020 3 2 2094 8790 1 0 0 0 5 5 "Owner-Occupied" 606880
1961 3 1 2007 7302 1 1 1 0 8 7 "Owner-Occupied" 704450
1998 4 2 2228 10834 1 1 0 0 1 10 "Owner-Occupied" 520467
2021 3 2 2177 6326 1 0 0 0 9 2 "Owner-Occupied" 853638
2019 3 1 1891 6333 1 1 0 0 9 3 "Owner-Occupied" 804140
2020 3 2 2060 9259 1 0 0 0 9 7 "Owner-Occupied" 956125
2020 2 1 1064 3906 0 0 0 0 7 3 "Rental" 709467
1996 3 1 1940 6007 1 0 0 0 7 6 "Owner-Occupied" 427016
2011 4 2 1845 7695 1 1 0 0 1 9 "Owner-Occupied" 540959
2018 1 1 1035 4915 0 0 0 0 3 1 "Rental" 612536
2017 4 2 1933 7873 1 1 1 0 1 10 "Owner-Occupied" 966620
2021 2 1 1172 5778 0 0 0 0 7 4 "Rental" 425475
2007 3 1 1763 6713 1 1 0 1 4 7 "Owner-Occupied" 742131
2012 2 1 1765 5505 1 0 0 0 5 1 "Owner-Occupied" 373010
2016 1 1 1133 4190 0 0 0 0 1 7 "Rental" 257607
2020 6 3 2845 12166 1 1 1 0 1 9 "Owner-Occupied" 1340875
2021 3 2 2026 7456 1 0 0 1 9 8 "Rental" 1034804
2018 3 1 1746 7570 1 0 0 0 7 5 "Owner-Occupied" 609102
2015 4 2 2064 7919 1 0 0 0 2 7 "Owner-Occupied" 968204
2015 2 1 1158 3420 0 0 0 0 3 1 "Rental" 302806
1978 3 2 1956 6197 1 1 0 0 7 6 "Owner-Occupied" 433143
2002 3 1 1963 7529 1 1 0 0 9 8 "Owner-Occupied" 860077
1990 3 2 2231 10465 1 0 0 0 5 5 "Owner-Occupied" 805637
2010 4 3 2194 8028 1 1 0 0 3 9 "Owner-Occupied" 701589
2018 3 1 1931 5407 1 0 0 0 8 2 "Owner-Occupied" 713325
2018 2 2 1248 6548 0 0 0 0 9 7 "Rental" 673238
2015 2 1 1072 3664 0 1 0 0 5 4 "Rental" 365163
2007 3 2 1832 6657 1 1 1 0 4 7 "Owner-Occupied" 728522
2010 8 3 3227 12719 1 1 1 0 1 10 "Owner-Occupied" 1472181
2008 4 2 2238 7594 1 1 0 0 1 6 "Owner-Occupied" 980585
2016 2 1 1501 5040 0 0 0 0 6 4 "Rental" 756975
2015 3 2 1926 5043 1 1 0 0 9 8 "Rental" 858750
2021 4 3 2142 8118 1 1 0 0 1 9 "Owner-Occupied" 712466
1987 2 1 1668 6131 1 0 0 0 3 3 "Owner-Occupied" 427222
2018 4 1 1913 7434 1 0 1 0 1 9 "Owner-Occupied" 679792
2017 3 2 1923 8645 1 1 1 0 6 9 "Owner-Occupied" 893790
1996 3 1 1858 5760 1 0 0 0 9 8 "Owner-Occupied" 492813
2011 4 2 2169 8032 1 0 1 0 1 10 "Owner-Occupied" 1081755
2014 4 2 1613 5463 0 0 0 0 4 8 "Owner-Occupied" 487256
2018 2 1 1766 6548 1 0 1 0 3 6 "Owner-Occupied" 1287534
2021 2 1 1054 3425 0 0 0 0 8 2 "Rental" 458954
2016 2 1 1016 3841 0 0 0 0 8 7 "Rental" 411787
2017 2 2 1100 3924 0 0 0 0 9 2 "Rental" 631630
1992 3 2 1209 6248 0 0 0 0 7 5 "Owner-Occupied" 323155
2005 4 3 2186 7961 1 1 0 0 4 8 "Owner-Occupied" 677570
1979 3 2 1947 4665 1 0 0 0 4 1 "Owner-Occupied" 362866
2021 4 1 2284 5128 1 1 0 0 2 9 "Owner-Occupied" 740295
2012 1 1 885 4286 0 0 0 0 4 2 "Rental" 627037
2006 3 2 1928 7734 1 1 0 1 5 5 "Owner-Occupied" 562123
2014 4 2 2188 7670 1 1 0 0 2 8 "Owner-Occupied" 664268
2021 2 2 1882 6056 1 0 0 0 8 2 "Owner-Occupied" 799460
1999 4 3 2406 10028 1 1 0 0 1 10 "Owner-Occupied" 545925
2009 3 2 1953 6808 1 1 0 0 9 10 "Rental" 1137659
2010 4 2 2079 9407 1 0 1 0 1 8 "Owner-Occupied" 656925
2014 4 2 2040 6003 1 1 0 0 1 8 "Owner-Occupied" 522505
2016 4 2 2050 6203 1 1 1 0 1 10 "Owner-Occupied" 935014
1987 3 1 1881 6619 1 1 0 0 7 7 "Owner-Occupied" 603095
2013 3 2 1469 6109 0 1 1 0 3 7 "Owner-Occupied" 729972
1994 2 1 1225 5246 0 0 0 0 7 5 "Rental" 290753
1998 3 2 2055 9071 1 1 0 0 7 10 "Owner-Occupied" 630282
2019 2 1 1048 3476 0 1 0 0 3 2 "Rental" 375567
1998 3 2 2277 10694 1 1 0 0 7 8 "Owner-Occupied" 609208
1993 3 2 2029 12162 1 1 0 0 2 8 "Owner-Occupied" 592541
2020 1 1 1269 5683 0 0 0 0 5 1 "Rental" 224122
2009 2 2 1262 2543 0 0 0 0 4 3 "Rental" 363344
1985 2 1 1376 5059 0 0 0 0 8 4 "Rental" 432602
2014 2 1 1091 4158 0 0 0 0 8 3 "Rental" 514832
2002 3 2 2003 6139 1 1 0 0 9 5 "Owner-Occupied" 659621
2005 3 2 2013 9572 1 1 0 0 8 4 "Owner-Occupied" 922516
1991 2 1 1230 4340 0 0 0 0 5 5 "Owner-Occupied" 199253
2020 4 2 2159 8451 1 0 0 0 1 9 "Owner-Occupied" 545883
2003 2 1 1267 4885 0 0 0 0 8 8 "Rental" 457315
2019 1 1 1048 4961 0 0 0 0 8 1 "Rental" 361028
1984 3 2 1852 7609 1 1 0 0 6 9 "Owner-Occupied" 503106
2021 3 1 1932 8101 1 0 0 0 8 9 "Owner-Occupied" 1671882
2021 2 1 2005 3999 1 0 0 0 7 1 "Owner-Occupied" 803694
2017 3 1 1607 4650 1 0 0 1 9 4 "Owner-Occupied" 1122465
1983 3 1 1875 5638 1 1 0 0 8 6 "Owner-Occupied" 564937
2010 2 1 1782 5584 1 1 0 0 5 3 "Owner-Occupied" 450283
1999 2 1 1067 3847 0 0 0 0 9 1 "Rental" 337038
2014 3 2 2265 9677 1 1 0 0 8 9 "Owner-Occupied" 849485
1994 4 2 2046 7932 1 1 0 0 2 9 "Owner-Occupied" 487961
2016 3 1 1839 5505 1 1 0 0 9 5 "Owner-Occupied" 808547
2021 3 2 2019 8340 1 1 0 0 9 8 "Owner-Occupied" 1062959
2017 4 3 2349 10750 1 1 0 0 5 7 "Owner-Occupied" 964550
1987 3 2 1370 5849 0 1 1 0 4 7 "Owner-Occupied" 424188
2003 3 2 2097 8126 1 1 0 0 8 9 "Owner-Occupied" 605292
2017 3 2 1677 5086 1 1 0 0 9 6 "Rental" 921022
2018 3 1 1974 6032 1 0 0 0 9 3 "Rental" 764173
1999 2 1 2100 8341 1 0 0 0 7 3 "Owner-Occupied" 847086
2021 4 3 2278 8453 1 1 0 0 1 8 "Owner-Occupied" 697069
2021 2 1 960 4689 0 0 0 0 6 1 "Rental" 422302
2020 3 2 1924 9176 1 1 0 0 7 8 "Owner-Occupied" 755571
2016 2 1 1770 7176 1 0 1 0 6 9 "Owner-Occupied" 863738
2020 3 2 1512 4434 0 1 0 0 6 3 "Owner-Occupied" 454185
2003 3 1 1959 5776 1 0 0 0 5 4 "Owner-Occupied" 587367
2004 3 1 1817 6359 1 1 0 0 7 8 "Owner-Occupied" 523137
1998 2 1 908 3471 0 0 0 0 8 3 "Rental" 318154
2007 4 2 2112 9272 1 1 0 0 1 9 "Owner-Occupied" 505167
2006 3 2 1375 5984 0 0 0 0 8 7 "Rental" 737670
2012 2 1 1189 4127 0 0 0 0 7 3 "Rental" 378232
2020 3 1 1872 7487 1 1 1 0 9 10 "Owner-Occupied" 1147029
1983 2 1 1147 5300 0 0 0 0 6 2 "Rental" 240343
2003 3 2 2040 8097 1 1 0 0 3 8 "Owner-Occupied" 514902
2016 4 3 1894 7034 0 1 0 0 1 9 "Owner-Occupied" 630403
2019 8 3 2933 5450 1 1 1 0 1 6 "Owner-Occupied" 2246523
2001 2 2 1336 4276 0 0 0 0 2 5 "Rental" 177931
1980 3 2 2301 8559 1 1 0 0 8 9 "Owner-Occupied" 699686
1973 3 2 2150 7806 1 0 0 0 8 3 "Owner-Occupied" 562819
1998 4 2 2218 8230 1 1 1 0 1 10 "Owner-Occupied" 613505
2007 2 1 1106 4080 0 0 0 0 7 1 "Rental" 465864
2021 4 2 2196 10800 1 1 0 0 1 10 "Rental" 1566875
2015 4 2 2203 10484 1 1 0 0 1 9 "Owner-Occupied" 641387
1996 2 2 2043 7590 1 0 0 0 3 4 "Owner-Occupied" 417377
2018 3 2 1914 6345 1 1 0 0 8 5 "Rental" 1242355
1998 2 2 1893 7051 1 0 0 0 4 7 "Owner-Occupied" 358397
2016 3 1 1733 6171 1 1 1 0 7 7 "Owner-Occupied" 1329956
2010 3 2 2104 6305 1 0 0 0 4 4 "Owner-Occupied" 875595
2014 3 2 2105 6119 1 1 0 0 9 7 "Rental" 1041922
2003 3 1 1772 7475 1 1 0 0 8 7 "Owner-Occupied" 916937
2014 3 2 2010 7336 1 1 1 0 8 9 "Owner-Occupied" 1738809
2019 2 1 1173 3929 0 1 0 0 7 3 "Owner-Occupied" 263979
2015 4 2 2025 7492 1 1 0 0 3 9 "Owner-Occupied" 902115
2021 2 1 1882 7848 1 0 0 0 6 7 "Owner-Occupied" 648955
2021 3 2 1528 8148 0 1 1 0 8 10 "Owner-Occupied" 1262547
2016 3 2 1790 5633 1 0 0 0 8 5 "Rental" 819692
2017 4 2 2321 8154 1 1 0 0 1 8 "Owner-Occupied" 635230
2005 1 1 1089 4974 0 0 0 0 2 2 "Rental" 184153
1982 2 2 1844 9049 1 0 0 0 3 5 "Owner-Occupied" 468939
2021 4 2 2084 8920 1 1 0 0 3 10 "Owner-Occupied" 820862
2021 4 2 2317 7977 1 1 0 1 1 10 "Owner-Occupied" 769676
2007 4 2 2080 10577 1 1 0 0 1 8 "Owner-Occupied" 625397
2017 1 1 1054 3174 0 0 0 0 7 1 "Rental" 308822
2021 3 2 1833 6016 1 1 0 0 7 4 "Rental" 942572
2017 2 1 1079 3904 0 0 0 0 5 7 "Rental" 314789
2011 3 2 2040 10034 1 1 1 0 3 9 "Owner-Occupied" 889104
2021 4 3 2043 8752 1 1 0 0 1 10 "Owner-Occupied" 785254
2002 1 1 1143 4064 0 0 0 0 7 3 "Rental" 327842
2007 2 1 1376 6160 0 0 0 0 7 8 "Rental" 465278
2020 2 1 1488 5099 0 0 0 0 6 4 "Rental" 587612
2021 3 2 1611 6074 0 1 0 0 2 5 "Owner-Occupied" 445137
2010 3 2 2173 8077 1 1 0 0 9 6 "Owner-Occupied" 820342
2007 2 1 1650 8967 1 0 0 0 5 7 "Owner-Occupied" 421434
2021 2 1 1360 3610 0 0 0 0 9 3 "Rental" 652651
1993 4 2 2182 9339 1 1 0 0 1 10 "Owner-Occupied" 432528
1998 3 2 2118 7101 1 0 0 0 7 6 "Owner-Occupied" 519445
2021 2 1 1377 4361 0 1 0 0 5 2 "Rental" 508510
2013 2 1 1124 4125 0 0 0 0 6 1 "Rental" 398404
2016 3 1 1835 7442 1 1 0 1 8 7 "Owner-Occupied" 947051
1963 4 3 2227 8000 1 1 0 0 1 9 "Owner-Occupied" 739344
2004 3 1 1638 4459 1 0 0 0 9 7 "Rental" 692521
1989 3 2 1711 6160 1 0 0 0 6 7 "Owner-Occupied" 608350
2008 4 3 2032 7985 1 1 0 0 3 10 "Owner-Occupied" 640011
2017 2 1 1128 3706 0 0 0 0 6 5 "Rental" 341383
2020 3 1 1653 8108 1 0 0 0 4 5 "Owner-Occupied" 634597
2009 2 1 1079 3741 0 0 0 0 5 1 "Rental" 223442
2019 3 2 2195 4628 1 0 1 0 6 4 "Owner-Occupied" 790162
1985 3 1 1896 5248 1 1 1 0 8 7 "Owner-Occupied" 716670
2015 4 1 1973 6367 1 1 0 1 2 9 "Owner-Occupied" 794975
2017 3 1 2076 6537 1 0 0 0 8 4 "Owner-Occupied" 636807
2015 3 2 1774 5634 1 1 0 0 4 8 "Owner-Occupied" 538800
1967 3 2 1792 3509 1 1 0 0 7 7 "Owner-Occupied" 385445
2003 2 1 1093 4275 0 0 0 1 4 5 "Owner-Occupied" 800837
2018 3 2 1366 5216 0 1 0 0 6 3 "Rental" 551981
2011 2 2 1255 6621 0 0 0 0 3 7 "Rental" 786841
2020 4 1 2185 8001 1 1 0 0 1 8 "Owner-Occupied" 891056
1998 3 2 1427 5086 0 1 0 0 8 8 "Rental" 825233
2003 2 1 1379 4110 0 0 0 0 7 5 "Rental" 440143
2007 4 2 1993 11706 1 1 1 1 1 10 "Owner-Occupied" 757521
1972 3 2 1864 8170 1 1 0 0 3 6 "Owner-Occupied" 490398
1995 3 2 2007 6721 1 0 0 0 8 10 "Rental" 652134
2016 3 1 1867 6618 1 1 0 0 10 4 "Owner-Occupied" 946406
2021 4 2 2110 10150 1 1 0 1 4 8 "Owner-Occupied" 928719
2021 3 2 1952 6149 1 1 0 0 4 7 "Owner-Occupied" 619922
2015 3 2 2120 6252 1 1 0 0 8 3 "Rental" 871399
2013 2 1 1179 4818 0 0 0 0 4 3 "Rental" 416579
1990 3 2 1891 7750 1 1 0 0 8 2 "Owner-Occupied" 604910
2014 3 1 2059 6291 1 1 0 0 8 2 "Owner-Occupied" 665263
2002 2 1 1748 3866 1 0 1 0 7 2 "Owner-Occupied" 882294
2011 3 1 1485 3895 0 1 0 0 9 5 "Rental" 719791
2006 3 2 2086 7689 1 1 0 0 6 5 "Owner-Occupied" 575767
2005 3 2 2259 5638 1 1 0 0 5 2 "Owner-Occupied" 703771
2009 3 1 1999 10088 1 1 1 0 7 8 "Owner-Occupied" 972648
2004 6 2 2635 8805 1 1 1 0 2 9 "Owner-Occupied" 910180
1987 3 2 2091 8352 1 1 0 0 8 8 "Owner-Occupied" 640991
1994 4 2 2392 7577 1 0 1 1 5 9 "Owner-Occupied" 783574
2013 3 2 1706 6136 1 1 0 0 5 3 "Owner-Occupied" 597455
1958 3 2 2066 8849 1 1 0 0 8 5 "Rental" 619282
2021 4 2 2314 6287 1 1 0 0 2 8 "Owner-Occupied" 730663
2021 3 2 2051 6427 1 1 0 0 6 6 "Owner-Occupied" 1220176
2012 3 2 1800 6145 1 1 0 0 5 3 "Owner-Occupied" 509714
1996 2 1 1631 6344 1 1 0 0 5 2 "Owner-Occupied" 433989
2016 3 2 1788 7815 1 1 0 0 6 5 "Owner-Occupied" 719473
2014 2 1 1424 3528 0 0 0 0 2 4 "Rental" 251114
2015 3 2 1926 5809 1 1 0 0 6 7 "Owner-Occupied" 735681
2002 4 2 2141 8027 1 0 0 0 2 8 "Owner-Occupied" 566687
2016 3 2 2012 10268 1 0 0 0 7 8 "Owner-Occupied" 819456
2007 2 1 1200 5119 0 1 0 0 6 5 "Rental" 371611
2020 3 1 1765 6216 1 1 0 0 9 9 "Owner-Occupied" 721354
2001 2 2 1110 3614 0 0 0 0 3 2 "Rental" 288083
1961 3 2 1921 5275 1 1 0 1 10 3 "Owner-Occupied" 540751
2018 3 2 1920 6068 1 1 0 0 9 6 "Owner-Occupied" 868447
2017 2 1 1262 4934 0 0 0 0 6 2 "Rental" 316351
2007 3 1 1971 4797 1 0 0 0 8 6 "Owner-Occupied" 703269
1996 2 1 1190 2785 0 1 0 0 9 1 "Rental" 461227
1998 3 1 2106 7191 1 1 0 0 9 8 "Owner-Occupied" 657823
2016 2 1 1336 4684 0 0 0 0 8 7 "Rental" 598262
2011 3 2 1883 8587 1 1 0 1 8 5 "Owner-Occupied" 1058945
2014 3 2 1989 7664 1 0 0 0 1 3 "Rental" 546152
2020 3 1 1814 6676 1 1 0 0 6 7 "Owner-Occupied" 729940
2021 3 2 2181 6005 1 1 0 0 7 4 "Owner-Occupied" 822502
2006 2 1 1269 4806 0 0 0 0 8 3 "Rental" 452403
2002 3 1 1756 5524 1 1 1 0 8 7 "Owner-Occupied" 815395
2014 3 2 1898 6394 1 1 0 0 8 1 "Owner-Occupied" 1215320
2007 3 2 2006 6815 1 0 0 0 8 9 "Owner-Occupied" 667944
2012 3 1 1379 4990 0 1 0 0 9 1 "Rental" 512669
1992 3 2 1811 8075 1 0 0 0 7 9 "Owner-Occupied" 692477
2020 3 2 1747 5438 1 1 1 0 9 6 "Owner-Occupied" 989860
2019 3 1 1835 8010 1 1 0 0 5 8 "Owner-Occupied" 571952
2006 2 1 1845 8333 1 0 0 1 7 5 "Owner-Occupied" 960823
2017 4 3 2049 3873 1 0 0 0 1 7 "Owner-Occupied" 534209
2021 3 1 1882 5836 1 0 0 0 5 5 "Owner-Occupied" 1983609
2009 3 2 2068 8459 1 0 0 0 6 8 "Rental" 659752
2018 4 2 2199 7427 1 1 0 0 1 7 "Owner-Occupied" 831188
2002 3 1 1959 6453 1 1 0 0 7 4 "Owner-Occupied" 584809
2015 2 1 1148 4498 0 0 0 0 9 3 "Rental" 830501
2011 1 1 962 3241 0 0 0 0 1 5 "Rental" 211830
2006 4 3 2352 6915 1 1 0 0 2 9 "Owner-Occupied" 649790
2007 2 1 1174 3761 0 0 1 0 6 3 "Rental" 322742
1988 8 3 3155 11182 1 1 1 1 1 10 "Owner-Occupied" 1216480
1962 3 2 2166 8637 1 1 0 0 7 8 "Owner-Occupied" 673077
2018 3 1 1868 4943 1 0 0 0 9 3 "Owner-Occupied" 623664
2000 4 2 1435 5376 0 1 1 0 4 8 "Owner-Occupied" 941506
2012 4 3 2323 6272 1 1 0 0 2 9 "Owner-Occupied" 638926
2012 3 2 1975 6084 1 1 0 0 9 5 "Owner-Occupied" 767117
2000 4 2 1999 9453 1 0 0 0 1 9 "Owner-Occupied" 736902
2007 4 2 2160 8495 1 1 0 0 1 9 "Owner-Occupied" 511161
2018 4 3 2180 7254 1 1 0 0 4 8 "Owner-Occupied" 716104
2016 3 1 1759 6803 1 1 0 1 3 8 "Owner-Occupied" 698118
2018 2 1 1125 4306 0 0 0 0 8 2 "Rental" 556796
2021 3 2 1915 7029 1 0 0 0 4 7 "Rental" 710077
2019 1 1 1238 3413 0 0 0 0 7 4 "Rental" 451056
2002 3 2 2103 8666 1 1 0 0 7 7 "Owner-Occupied" 595401
1996 3 2 1979 7467 1 1 0 0 3 6 "Owner-Occupied" 454241
2020 2 1 1234 5794 0 1 0 0 3 3 "Rental" 357783
2018 3 2 1223 3393 0 1 0 0 2 3 "Owner-Occupied" 281649
2002 1 1 953 4086 0 0 0 0 6 1 "Rental" 787668
1991 2 1 1454 4704 0 0 0 0 2 3 "Rental" 293706
2002 3 2 1956 9042 1 0 0 0 9 7 "Owner-Occupied" 703094
1998 2 1 1121 5052 0 0 0 0 6 3 "Rental" 355702
2019 2 1 1845 6998 1 0 0 0 7 3 "Owner-Occupied" 919343
2020 4 2 2018 7372 1 0 0 0 5 9 "Owner-Occupied" 949385
2019 2 1 1724 7372 1 0 0 0 5 5 "Owner-Occupied" 1640487
2021 4 2 2131 4565 1 0 0 0 5 8 "Owner-Occupied" 1333695
1965 1 1 1082 3869 0 0 0 0 5 1 "Rental" 129532
1989 2 1 1394 2516 0 0 1 0 8 4 "Rental" 348765
2003 4 3 2042 10150 1 1 0 0 1 10 "Owner-Occupied" 743607
1987 3 1 1548 5682 0 1 1 0 5 10 "Owner-Occupied" 422135
2019 3 2 2138 8888 1 1 0 0 9 5 "Owner-Occupied" 1156963
2010 1 1 969 2546 0 0 0 0 5 3 "Rental" 208271
1976 3 2 1513 5506 0 1 0 0 6 5 "Owner-Occupied" 355195
1999 3 2 1418 5300 0 0 0 0 9 5 "Rental" 747704
2016 3 2 1987 6151 1 1 0 0 9 8 "Rental" 960337
2011 3 2 2087 6661 1 1 0 0 10 4 "Rental" 888453
2006 2 1 1171 6428 0 0 0 0 7 3 "Rental" 526775
2012 2 1 1292 4370 0 0 0 0 7 1 "Rental" 363992
2010 2 2 1589 5601 1 0 0 0 9 1 "Owner-Occupied" 598844
1992 3 2 1528 6813 0 1 0 0 5 6 "Rental" 513938
2017 2 1 1658 5343 1 1 0 0 6 7 "Owner-Occupied" 527347
2015 2 1 1164 3868 0 1 0 0 6 3 "Rental" 365256
2012 3 2 2164 7695 1 1 1 0 7 8 "Owner-Occupied" 895692
2007 3 2 2267 10609 1 0 0 0 5 6 "Owner-Occupied" 579484
2015 3 2 1981 7911 1 1 0 0 6 4 "Owner-Occupied" 748624
1999 3 2 2068 8548 1 1 0 0 7 7 "Owner-Occupied" 1202285
2021 4 2 2358 8710 1 1 0 0 1 8 "Owner-Occupied" 821159
2020 3 2 1981 8039 1 0 0 0 6 4 "Owner-Occupied" 676179
2006 2 1 1007 5007 0 0 0 0 1 4 "Rental" 210509
1993 4 2 2113 8050 1 0 0 1 1 9 "Owner-Occupied" 489066
2016 3 2 2106 9086 1 1 0 0 3 7 "Owner-Occupied" 1055056
2019 2 1 1314 5059 0 0 1 0 7 7 "Owner-Occupied" 492804
2018 4 3 2155 6744 1 1 0 0 1 9 "Rental" 680170
2003 3 1 2055 6975 1 0 1 0 8 8 "Owner-Occupied" 794688
2021 2 1 1112 4133 0 0 0 0 6 5 "Rental" 588637
2021 4 3 2417 9844 1 1 0 0 1 10 "Owner-Occupied" 1045011
2006 3 1 1660 6005 1 1 0 0 8 4 "Owner-Occupied" 763082
2017 8 3 2975 9205 1 1 1 1 1 7 "Owner-Occupied" 1528852
2012 1 1 967 3486 0 0 0 0 3 2 "Rental" 251117
2014 2 1 1153 3294 0 0 0 0 7 3 "Rental" 551778
1977 3 2 1842 8872 1 0 0 0 5 5 "Owner-Occupied" 397222
2003 2 1 1803 5465 1 0 0 0 9 3 "Owner-Occupied" 656590
1985 3 1 1763 6111 1 1 1 0 9 9 "Owner-Occupied" 896911
2012 1 1 1469 6918 1 0 0 0 3 4 "Owner-Occupied" 500395
2018 3 1 1456 5093 0 1 0 0 7 10 "Rental" 615846
2021 2 1 1342 5882 0 1 0 0 7 5 "Rental" 668724
2020 4 2 2094 5664 1 0 0 0 2 8 "Owner-Occupied" 556568
2020 3 2 1835 5785 1 1 0 0 5 6 "Owner-Occupied" 711325
2018 3 2 1967 7061 1 1 1 0 5 9 "Owner-Occupied" 869223
2021 3 1 1981 7463 1 1 1 0 9 4 "Owner-Occupied" 1190922
2019 3 2 2091 6197 1 1 1 0 6 10 "Owner-Occupied" 850707
2001 2 2 1216 5016 0 0 0 0 9 5 "Rental" 591461
2016 2 2 1191 3624 0 0 0 0 8 1 "Rental" 594408
2017 4 3 2026 5930 1 0 0 0 2 9 "Owner-Occupied" 640782
1976 3 1 1972 8640 1 0 0 0 7 7 "Owner-Occupied" 428632
2021 3 1 1871 5247 1 0 0 0 5 4 "Owner-Occupied" 679234
2021 3 2 2020 6926 1 1 0 0 9 6 "Owner-Occupied" 1040817
2018 1 1 1164 4990 0 0 0 0 4 4 "Rental" 249127
1999 3 2 1445 4948 0 0 0 0 4 4 "Rental" 361743
2021 1 1 1151 3436 0 0 0 0 6 2 "Rental" 456821
2012 3 2 1863 8018 1 0 1 0 8 5 "Owner-Occupied" 996952
1995 2 1 1134 4017 0 0 0 0 2 6 "Rental" 250741
2017 2 1 1093 5195 0 0 0 0 7 3 "Rental" 435496
2013 3 2 1949 7390 1 0 0 0 8 8 "Owner-Occupied" 920688
2008 3 2 1895 8059 1 1 0 0 6 7 "Owner-Occupied" 660153
2000 3 2 2020 4601 1 1 1 0 9 8 "Owner-Occupied" 1077257
2018 2 1 1118 5097 0 0 0 1 2 9 "Rental" 363682
2021 3 2 2193 10036 1 0 0 0 3 8 "Owner-Occupied" 1196317
2020 2 2 1319 4991 0 0 0 0 7 3 "Rental" 466111
2017 3 2 1855 7241 1 0 0 0 7 6 "Owner-Occupied" 648830
1983 4 3 2163 11304 1 0 0 0 1 10 "Owner-Occupied" 629646
2010 3 2 1905 6715 1 1 0 0 8 4 "Owner-Occupied" 1255467
2021 2 1 1256 3890 0 0 0 0 7 4 "Rental" 361653
2014 3 2 1897 8282 1 1 0 0 7 8 "Owner-Occupied" 767974
2016 2 1 984 3270 0 0 0 0 6 7 "Rental" 366116
2020 1 1 1012 3469 0 0 0 0 3 1 "Rental" 248665
1994 4 3 2121 9171 1 1 0 0 1 7 "Owner-Occupied" 465486
1986 3 1 1742 6079 1 0 0 0 7 7 "Owner-Occupied" 679055
2002 2 1 1318 4839 0 0 0 0 4 4 "Rental" 378950
2004 2 2 1030 3879 0 0 0 0 7 8 "Rental" 1259872
2010 2 2 1274 4515 0 0 0 0 6 2 "Rental" 568109
2017 3 2 1895 5639 1 1 0 0 9 8 "Owner-Occupied" 1037493
2018 2 1 1453 5970 1 0 0 0 5 5 "Rental" 441929
2019 4 1 2128 7463 1 1 1 0 1 9 "Owner-Occupied" 781345
2014 4 3 2136 6652 1 1 1 0 1 8 "Owner-Occupied" 1277369
2013 4 3 2269 9797 1 1 1 0 2 8 "Owner-Occupied" 928221
1994 3 2 1450 5578 0 1 0 0 8 1 "Owner-Occupied" 736730
2020 4 2 2054 4275 1 1 0 0 1 9 "Owner-Occupied" 789321
2003 3 2 1407 5558 0 1 0 0 8 6 "Rental" 1604371
2018 2 1 1848 4937 1 0 0 0 9 7 "Owner-Occupied" 598377
2001 3 2 1983 9344 1 1 0 0 5 9 "Rental" 633493
2019 6 3 2620 8609 1 1 1 0 1 6 "Owner-Occupied" 932650
2005 3 1 1844 6582 1 0 1 0 8 9 "Owner-Occupied" 943532
2014 3 2 1919 6642 1 0 0 0 5 8 "Owner-Occupied" 629187
1989 2 1 1427 5607 0 0 0 0 6 9 "Rental" 313501
2019 4 3 2387 6172 1 1 1 0 1 8 "Owner-Occupied" 818103
1990 1 1 1190 4634 0 0 0 0 4 6 "Rental" 153201
2009 4 2 2285 9881 1 1 0 0 2 8 "Owner-Occupied" 634282
2019 3 1 2087 9052 1 1 0 0 7 6 "Owner-Occupied" 857061
1972 3 2 2151 8624 1 0 0 0 6 6 "Owner-Occupied" 474566
2018 3 2 1960 8173 1 0 0 0 9 5 "Owner-Occupied" 833274
2008 4 2 1951 9025 1 1 0 0 1 8 "Owner-Occupied" 711822
2002 3 1 1220 5199 0 1 0 0 8 7 "Rental" 440889
2019 2 1 1735 6985 1 0 0 0 5 6 "Rental" 672464
2016 4 2 2098 7375 1 1 0 0 3 9 "Owner-Occupied" 795828
1979 2 1 1161 4374 0 0 0 0 7 4 "Rental" 209316
2013 3 2 1924 3884 1 1 0 0 9 4 "Rental" 803198
1999 4 3 2296 7823 1 0 0 0 2 10 "Owner-Occupied" 563595
2013 2 2 1282 3531 0 0 0 0 4 1 "Rental" 314875
2021 2 1 1712 8375 1 0 0 0 8 9 "Owner-Occupied" 855392
2021 2 1 1264 3740 0 1 0 0 6 2 "Rental" 511852
1998 4 2 2355 9398 1 1 0 0 1 7 "Owner-Occupied" 1064797
2001 3 2 1710 5052 1 0 0 0 8 8 "Owner-Occupied" 963176
2018 3 2 1981 7477 1 1 0 0 8 9 "Owner-Occupied" 862757
1997 2 1 1675 7990 1 0 0 0 3 3 "Owner-Occupied" 423986
2015 2 1 1811 5257 1 0 0 0 9 5 "Owner-Occupied" 650579
2014 3 1 1830 5226 1 1 0 0 3 7 "Owner-Occupied" 553757
2021 8 3 2782 11257 1 1 1 1 1 9 "Owner-Occupied" 1996730
2014 4 1 2144 9792 1 1 0 1 1 10 "Owner-Occupied" 665571
1994 3 1 1824 5436 1 1 0 0 10 7 "Owner-Occupied" 701753
2004 3 1 1799 6281 1 1 0 0 7 8 "Owner-Occupied" 590873
2011 4 3 2259 6748 1 1 0 0 4 10 "Owner-Occupied" 787346
2015 3 2 1933 7025 1 0 0 0 6 2 "Owner-Occupied" 584018
2003 8 3 3093 11264 1 1 1 0 1 8 "Owner-Occupied" 1457896
1975 4 2 1931 7798 1 1 0 0 1 8 "Owner-Occupied" 347213
2009 3 2 2125 7633 1 1 0 0 5 3 "Owner-Occupied" 804328
2018 3 2 1938 7444 1 0 0 0 10 6 "Rental" 929592
2016 1 1 1664 5756 1 0 0 0 1 5 "Owner-Occupied" 407796
2019 3 2 1918 7126 1 0 0 1 9 6 "Rental" 1008800
2015 3 2 1988 6020 1 0 0 0 9 5 "Owner-Occupied" 744006
2019 2 1 1081 5201 0 0 0 0 7 1 "Rental" 342576
2015 2 2 1426 3653 0 0 0 0 7 5 "Rental" 455805
1996 3 2 1858 6295 1 1 0 0 5 8 "Rental" 507993
2017 3 1 2081 7518 1 1 0 0 9 8 "Owner-Occupied" 785772
1998 6 2 2763 9676 1 1 1 0 1 9 "Owner-Occupied" 758566
2021 3 2 2067 7723 1 1 0 0 1 6 "Owner-Occupied" 595676
2000 2 1 1205 5638 0 0 0 0 7 1 "Rental" 433097
2011 3 1 1451 5939 0 1 0 0 6 7 "Rental" 499018
2017 2 1 1653 4918 1 0 0 0 7 5 "Owner-Occupied" 521236
2019 3 2 1949 8922 1 1 0 0 9 4 "Owner-Occupied" 1306654
2013 4 3 2070 5046 1 1 0 0 1 7 "Owner-Occupied" 624759
2021 3 1 1767 8820 1 0 0 0 6 8 "Owner-Occupied" 760225
1998 2 1 1174 4814 0 0 0 0 7 3 "Rental" 289786
2016 3 2 1777 8236 1 1 0 0 5 3 "Owner-Occupied" 615569
2004 2 2 1341 3910 0 0 0 0 4 1 "Rental" 392852
2021 2 2 1199 4372 0 0 0 0 5 5 "Owner-Occupied" 358305
2002 3 2 2030 7807 1 1 0 0 9 4 "Owner-Occupied" 637919
1993 4 2 1941 5114 1 1 0 0 1 8 "Owner-Occupied" 356436
1972 3 2 2124 6833 1 1 0 0 8 8 "Owner-Occupied" 716948
2000 3 2 1835 6796 1 1 0 0 9 4 "Rental" 806889
1996 3 2 1453 5236 0 1 0 1 9 7 "Rental" 581158
2020 2 1 1077 4166 0 0 1 0 9 7 "Owner-Occupied" 766809
2019 2 2 1284 5429 0 0 0 0 8 4 "Rental" 545851
2016 3 2 2303 10284 1 1 0 0 9 8 "Owner-Occupied" 933749
2003 3 2 2166 5469 1 0 1 0 9 7 "Owner-Occupied" 961496
1999 2 1 1162 5667 0 1 0 0 6 6 "Owner-Occupied" 262110
2006 4 1 1995 7239 1 1 0 0 1 7 "Owner-Occupied" 598211
2020 2 1 1886 9086 1 0 0 0 6 4 "Owner-Occupied" 559086
2010 4 2 2150 7038 1 1 0 0 1 8 "Owner-Occupied" 842973
2015 3 1 1273 4739 0 1 0 0 6 4 "Rental" 480793
2021 2 2 1795 5459 1 0 0 0 9 3 "Owner-Occupied" 710330
2015 2 1 1311 3927 0 1 0 0 7 3 "Rental" 662988
2009 3 2 1999 7983 1 0 0 0 6 7 "Owner-Occupied" 678353
2017 8 3 3049 10292 1 1 1 0 1 9 "Owner-Occupied" 1511046
2002 3 1 1817 5645 1 1 0 0 9 6 "Owner-Occupied" 721961
2017 2 1 1329 4971 0 0 0 0 2 1 "Rental" 220569
2014 3 1 1862 7444 1 0 0 0 5 5 "Owner-Occupied" 570241
2021 3 2 1853 8402 1 0 0 0 4 6 "Owner-Occupied" 769923
2012 3 2 2044 8950 1 0 0 0 9 4 "Owner-Occupied" 764839
1992 8 3 3187 11107 1 1 1 0 1 9 "Owner-Occupied" 1195414
2003 4 2 2194 7406 1 1 0 0 1 8 "Owner-Occupied" 473569
2007 4 3 2257 5215 1 0 1 0 1 9 "Owner-Occupied" 638320
2014 4 2 2060 7233 1 1 1 0 1 9 "Owner-Occupied" 854131
1986 2 1 1211 4252 0 1 0 0 8 3 "Rental" 309643
2000 2 1 1190 4721 0 0 0 0 3 3 "Rental" 342668
2017 1 1 1063 4149 0 0 0 0 3 4 "Rental" 481310
2006 3 2 1844 6013 1 1 0 0 8 4 "Owner-Occupied" 590782
2010 1 1 1065 5287 0 0 0 0 4 3 "Rental" 267915
1996 1 1 1228 4886 0 0 0 0 3 4 "Rental" 782528
2011 3 2 1919 11511 1 0 1 0 4 9 "Owner-Occupied" 806470
2021 4 2 2180 8662 1 1 0 0 1 10 "Owner-Occupied" 716334
2018 4 2 2141 6592 1 0 0 1 1 7 "Owner-Occupied" 1279190
2021 2 1 1082 4802 0 0 0 0 8 6 "Rental" 496101
1976 3 2 1454 5709 0 1 0 1 9 4 "Rental" 603789
2021 3 1 1800 5825 1 0 0 0 7 5 "Rental" 741260
2012 3 2 2225 9611 1 1 0 0 9 7 "Rental" 1184101
2017 3 1 1783 6529 1 1 0 0 7 5 "Owner-Occupied" 637773
2000 3 1 2054 7726 1 0 0 0 4 3 "Owner-Occupied" 484387
2021 2 2 1322 5310 0 0 0 0 7 7 "Rental" 1037167
2019 3 2 1990 7175 1 0 0 0 5 8 "Owner-Occupied" 736155
2015 4 3 2285 7504 1 1 0 0 2 9 "Owner-Occupied" 666687
1992 4 2 2238 7666 1 1 0 0 1 7 "Owner-Occupied" 414546
2020 3 2 1901 7135 1 1 1 0 4 8 "Owner-Occupied" 851230
2018 3 2 2042 8267 1 0 0 0 5 8 "Owner-Occupied" 1056485
2018 8 3 3189 9622 1 0 1 0 1 10 "Owner-Occupied" 1481946
2011 4 3 2104 8491 1 1 0 0 2 10 "Owner-Occupied" 589561
2013 3 2 2047 8044 1 1 0 0 4 7 "Owner-Occupied" 1018214
2005 4 2 2231 10796 1 1 0 0 1 10 "Rental" 557888
2019 3 2 2098 8000 1 0 1 0 9 8 "Owner-Occupied" 1464281
1995 3 1 1460 5456 0 0 0 0 9 4 "Rental" 632433
2006 3 1 1761 6159 1 1 0 0 9 6 "Owner-Occupied" 895955
2021 3 2 1874 6412 1 1 0 0 9 4 "Rental" 1096038
2006 3 1 1479 4408 0 0 0 0 9 3 "Owner-Occupied" 381479
2021 4 2 2059 9625 1 1 0 0 2 10 "Owner-Occupied" 754600
2014 3 2 2004 6211 1 1 0 0 8 8 "Owner-Occupied" 794396
2021 3 2 2010 9031 1 1 0 0 9 5 "Rental" 1328851
2019 4 2 2138 7104 1 0 0 0 1 7 "Owner-Occupied" 666115
2020 3 2 1947 7151 1 0 0 0 6 9 "Owner-Occupied" 614209
2018 3 1 1929 8831 1 1 0 0 7 2 "Owner-Occupied" 702846
2012 8 3 3155 8151 1 1 1 0 1 9 "Owner-Occupied" 1277264
1980 3 1 1790 5136 1 1 0 0 3 5 "Owner-Occupied" 288937
2003 2 1 1232 3290 0 0 0 0 8 4 "Rental" 338543
2015 2 1 1278 4537 0 0 0 0 4 6 "Rental" 347838
2018 3 1 1879 5552 1 1 0 0 3 3 "Owner-Occupied" 578772
2017 2 2 1254 3848 0 0 0 0 4 8 "Rental" 295015
2005 8 3 2997 12450 1 1 1 0 1 10 "Owner-Occupied" 1545236
2003 2 1 1286 5639 0 0 0 0 6 7 "Rental" 298774
2010 6 3 2891 9941 1 1 1 1 1 8 "Owner-Occupied" 1198738
1994 4 3 2438 8937 1 1 0 0 1 9 "Owner-Occupied" 549695
1983 2 1 1318 4282 0 1 0 0 7 1 "Rental" 332542
2019 2 1 892 4227 0 0 0 0 9 4 "Rental" 1341512
1998 3 2 1797 8820 1 1 0 0 6 7 "Owner-Occupied" 540734
2015 4 1 2043 8400 1 1 0 0 3 9 "Owner-Occupied" 638241
2016 3 2 1978 5578 1 1 0 0 9 6 "Owner-Occupied" 901933
2019 3 2 1910 9255 1 1 0 0 6 8 "Owner-Occupied" 725354
2009 2 1 1564 5227 1 0 0 0 9 3 "Owner-Occupied" 605613
2021 3 1 1881 5173 1 0 0 1 9 5 "Owner-Occupied" 993076
2012 3 2 1674 5799 1 0 0 0 8 9 "Rental" 694796
1997 2 1 1367 3528 0 0 0 0 8 1 "Rental" 357556
2009 3 2 2107 9936 1 1 0 0 1 10 "Owner-Occupied" 689943
1990 3 2 1979 10150 1 1 0 0 9 9 "Owner-Occupied" 719605
2008 3 2 2097 7269 1 1 0 0 6 7 "Owner-Occupied" 645365
2012 4 2 1867 6158 1 1 0 0 1 3 "Owner-Occupied" 500441
1986 3 1 1327 6221 0 1 0 0 7 9 "Owner-Occupied" 629922
2008 3 2 1305 4961 0 1 1 0 5 5 "Owner-Occupied" 517952
2021 1 1 1152 5456 0 0 0 0 5 1 "Owner-Occupied" 309288
2020 4 3 2164 6795 1 1 0 0 6 9 "Owner-Occupied" 816748
2014 4 3 2211 5147 1 1 0 0 2 7 "Owner-Occupied" 566401
1985 3 2 2119 8518 1 1 0 0 8 9 "Rental" 798897
2021 3 2 2044 8235 1 1 0 0 5 5 "Owner-Occupied" 906187
2014 3 2 1840 6386 1 0 0 0 10 5 "Rental" 855565
2017 3 1 1823 7137 1 0 0 0 8 3 "Owner-Occupied" 1065434
2019 3 2 2165 8006 1 1 0 0 5 5 "Owner-Occupied" 679118
2009 3 2 1850 6290 1 1 0 1 7 7 "Owner-Occupied" 761827
2004 2 1 1807 6768 1 1 0 0 5 3 "Owner-Occupied" 1074266
2021 4 3 2315 5940 1 0 1 0 1 10 "Owner-Occupied" 964101
2019 3 1 1905 6508 1 1 1 0 9 5 "Owner-Occupied" 1162449
1982 3 2 1945 9210 1 1 0 0 5 9 "Owner-Occupied" 441086
2009 3 1 1829 7199 1 1 0 0 9 4 "Owner-Occupied" 643389
2006 4 3 2189 8711 1 0 0 0 2 8 "Owner-Occupied" 682793
2019 3 2 2134 8050 1 1 0 0 8 4 "Rental" 938860
2015 4 2 2284 9478 1 0 0 0 4 10 "Owner-Occupied" 730315
2018 4 3 2185 9029 1 0 1 0 1 8 "Owner-Occupied" 846806
2006 3 2 1771 7168 1 1 0 0 8 7 "Owner-Occupied" 792593
2005 4 2 2007 7895 1 1 0 0 1 8 "Owner-Occupied" 513008
1990 3 2 1925 6712 1 1 0 0 6 6 "Owner-Occupied" 715230
1995 3 2 1983 6247 1 1 0 0 5 1 "Owner-Occupied" 453517
2009 3 2 2021 5343 1 0 0 0 8 6 "Rental" 706376
1992 2 1 1244 4759 0 0 0 0 9 2 "Rental" 435863
2021 2 1 1602 8968 1 0 0 0 6 3 "Owner-Occupied" 862035
2008 3 2 1545 6916 0 1 0 0 6 2 "Owner-Occupied" 545412
1975 2 1 1388 4590 0 0 0 0 7 5 "Rental" 362223
1998 3 1 1913 7835 1 0 0 0 9 7 "Owner-Occupied" 657742
2008 3 1 1686 8448 1 1 0 0 8 7 "Owner-Occupied" 744909
2020 2 1 1276 3690 0 0 0 1 8 6 "Rental" 642482
2005 4 2 2180 9351 1 1 0 0 3 9 "Owner-Occupied" 654330
2000 3 2 1975 9032 1 1 0 0 8 6 "Owner-Occupied" 1556279
2003 4 2 2207 8247 1 1 0 0 1 7 "Owner-Occupied" 461289
2013 4 2 2279 7039 1 1 0 0 2 5 "Owner-Occupied" 958630
2006 4 2 2333 10694 1 1 0 1 1 9 "Owner-Occupied" 569629
2011 3 2 1944 4457 1 1 0 0 9 2 "Owner-Occupied" 626062
2015 3 2 1977 6292 1 1 1 0 7 6 "Owner-Occupied" 931913
2014 4 2 1962 9970 1 0 0 0 1 8 "Owner-Occupied" 592677
2005 3 1 1821 6294 1 1 0 0 7 8 "Owner-Occupied" 546783
2021 3 2 1969 6155 1 0 1 0 7 8 "Owner-Occupied" 1018334
2007 4 3 2456 5618 1 0 0 0 1 8 "Owner-Occupied" 1088217
2011 2 2 1204 4976 0 0 0 0 6 2 "Rental" 417019
2003 2 1 1712 8241 1 1 0 0 8 9 "Owner-Occupied" 548525
1968 2 1 1383 5289 0 1 1 0 5 3 "Owner-Occupied" 228020
2021 3 2 1809 8902 1 1 0 0 9 3 "Owner-Occupied" 935628
2002 2 1 1706 6225 1 0 0 0 9 7 "Owner-Occupied" 856224
2020 2 1 1167 4365 0 0 0 0 9 5 "Rental" 488248
2000 2 1 1069 2968 0 0 0 0 9 1 "Rental" 302575
2021 4 2 2004 7561 1 1 0 0 5 9 "Owner-Occupied" 916005
2021 2 1 1311 5295 0 0 1 0 8 5 "Owner-Occupied" 441562
2018 3 2 2005 6071 1 1 0 0 9 7 "Rental" 1014465
2016 2 1 1708 2416 1 0 0 0 3 4 "Owner-Occupied" 436283
2021 2 1 1327 3305 0 0 0 0 5 5 "Rental" 315193
2016 4 2 1569 5390 0 1 0 0 1 8 "Owner-Occupied" 561754
2021 3 2 1816 5005 1 0 0 0 7 5 "Owner-Occupied" 710339
2019 4 2 2091 4677 1 1 0 0 1 7 "Owner-Occupied" 539703
2013 3 2 1529 3292 0 1 0 0 8 4 "Owner-Occupied" 567771
2012 3 1 2053 5458 1 1 0 1 4 3 "Owner-Occupied" 472336
2009 4 2 1971 9106 1 1 1 0 1 10 "Owner-Occupied" 1092160
2018 1 1 1162 3083 0 0 0 0 3 2 "Rental" 293992
2015 3 2 2138 6025 1 0 0 1 8 2 "Owner-Occupied" 781425
2019 2 1 1213 3987 0 0 0 0 3 6 "Rental" 240030
1979 3 2 1985 7241 1 1 0 0 7 5 "Owner-Occupied" 505018
2013 3 2 1557 4071 1 1 0 0 9 4 "Owner-Occupied" 917527
1985 3 2 2044 6295 1 1 0 0 8 1 "Rental" 587566
2016 2 1 1125 4959 0 0 0 0 1 4 "Rental" 330280
2021 3 2 2152 7573 1 1 0 0 8 4 "Owner-Occupied" 1103909
2020 3 1 1960 8703 1 0 0 0 8 8 "Owner-Occupied" 754384
1999 2 1 1305 4500 0 0 0 0 4 5 "Rental" 242556
2020 2 1 1362 5016 0 0 0 0 5 3 "Rental" 337370
2021 3 1 1621 6544 1 0 0 0 9 4 "Owner-Occupied" 866741
1969 3 2 1427 4769 0 1 0 0 9 8 "Rental" 443887
2002 4 2 2068 8628 1 1 0 0 2 9 "Owner-Occupied" 849890
1987 3 2 1761 6748 1 1 0 0 5 4 "Owner-Occupied" 411968
2021 2 2 1818 6895 1 0 0 0 8 4 "Rental" 1040656
2020 4 3 2246 7043 1 0 0 0 4 7 "Owner-Occupied" 720059
1991 3 2 1724 3952 1 0 0 0 9 2 "Rental" 537026
2003 4 2 2125 6384 1 1 0 0 5 8 "Owner-Occupied" 587956
2017 3 2 1960 6217 1 0 1 0 9 7 "Owner-Occupied" 998608
2015 3 2 1851 6117 1 1 0 1 5 8 "Owner-Occupied" 847371
2017 2 1 1646 3928 1 0 0 0 4 8 "Owner-Occupied" 533055
1994 3 2 1900 7105 1 1 0 0 9 6 "Owner-Occupied" 619818
2012 3 2 1928 7330 1 1 0 0 5 5 "Owner-Occupied" 627674
2021 1 1 1477 7525 1 0 0 0 1 3 "Rental" 1182311
1991 3 2 2138 7379 1 1 0 0 8 9 "Owner-Occupied" 553893
2020 6 3 2676 7977 1 1 1 0 1 10 "Owner-Occupied" 1011953
2013 1 1 1121 4180 0 0 0 0 4 1 "Rental" 254393
1994 3 2 2155 8007 1 1 0 0 7 8 "Owner-Occupied" 530616
2020 3 2 2059 3943 1 0 0 0 8 5 "Owner-Occupied" 640697
2017 3 1 2016 7388 1 0 0 0 9 7 "Owner-Occupied" 791366
2004 4 2 2116 7890 1 1 0 0 1 10 "Owner-Occupied" 939455
1990 8 3 3251 10521 1 1 1 0 1 10 "Owner-Occupied" 1170901
2012 2 1 1170 5846 0 0 0 0 2 4 "Rental" 321824
2020 2 1 1302 4768 0 0 0 0 8 2 "Rental" 1107665
2016 2 2 1932 7842 1 0 0 0 6 7 "Owner-Occupied" 1139907
2013 2 1 1258 3829 0 0 0 0 8 4 "Rental" 726618
2021 3 1 1818 6836 1 0 0 0 9 4 "Owner-Occupied" 783398
2016 2 1 1801 5844 1 0 0 0 8 5 "Owner-Occupied" 526115
2019 2 1 1032 3977 0 1 0 1 7 5 "Owner-Occupied" 479079
2021 1 1 1081 3738 0 0 0 0 5 3 "Rental" 233547
2014 2 1 1806 5124 1 0 0 0 8 3 "Rental" 556277
1981 3 1 1895 5302 1 1 1 0 8 8 "Owner-Occupied" 584231
2019 3 2 2000 7745 1 1 0 1 9 4 "Owner-Occupied" 1081352
2008 1 1 966 3886 0 0 0 0 2 1 "Rental" 232497
1987 3 1 1950 9407 1 1 0 0 8 7 "Owner-Occupied" 819267
2018 3 1 1763 4700 1 1 0 0 9 5 "Owner-Occupied" 672139
2016 3 2 1893 5537 1 1 0 0 10 5 "Owner-Occupied" 792297
2021 2 1 1347 4827 0 0 0 0 6 5 "Rental" 404828
2015 2 1 1694 5499 1 0 0 0 5 3 "Owner-Occupied" 1536753
2015 3 2 1980 5663 1 1 0 0 3 8 "Owner-Occupied" 582206
2017 3 2 1833 7650 1 1 1 0 9 8 "Owner-Occupied" 1097082
2003 2 1 1157 4357 0 0 0 0 3 2 "Rental" 293837
2019 4 3 2313 8788 1 0 0 0 1 10 "Owner-Occupied" 1021703
2017 4 3 2222 9023 1 0 1 0 1 10 "Owner-Occupied" 954765
2020 4 2 2190 6726 1 1 0 0 1 8 "Owner-Occupied" 549405
2017 3 2 1917 7787 1 0 0 0 4 5 "Owner-Occupied" 536844
2018 3 2 1573 6317 0 1 0 0 9 6 "Rental" 933664
2006 4 2 2232 11014 1 1 1 0 2 10 "Owner-Occupied" 793299
2001 3 1 1687 5884 1 1 0 0 9 5 "Owner-Occupied" 539988
1989 8 3 3145 13912 1 1 1 0 1 10 "Owner-Occupied" 1939910
1988 3 2 2094 7485 1 1 0 0 4 2 "Owner-Occupied" 444487
1996 4 2 1955 9015 1 0 0 0 2 9 "Owner-Occupied" 459372
2018 3 2 1886 6934 1 1 0 0 6 8 "Owner-Occupied" 815058
2015 3 1 1726 5653 1 1 0 0 4 4 "Owner-Occupied" 471983
2021 6 3 2570 9835 1 1 1 0 2 10 "Owner-Occupied" 1138266
1976 2 1 1224 3593 0 1 0 0 5 1 "Owner-Occupied" 145169
2021 2 1 1177 2995 0 0 0 0 7 1 "Rental" 388062
2016 3 1 1103 4441 0 0 0 0 9 7 "Rental" 614927
2015 3 1 1860 8712 1 1 1 0 9 9 "Owner-Occupied" 1048977
1972 8 3 3063 8680 1 1 1 0 1 9 "Owner-Occupied" 1008951
1992 2 1 1257 4232 0 0 1 0 7 4 "Owner-Occupied" 333001
2021 3 2 1492 4772 0 1 0 0 6 7 "Owner-Occupied" 667585
2020 3 2 1959 6782 1 1 0 0 7 6 "Owner-Occupied" 726554
2005 2 1 1055 4510 0 0 0 0 7 3 "Rental" 384419
2015 2 1 1169 4434 0 0 1 0 2 3 "Owner-Occupied" 312315
2019 2 1 1772 7774 1 0 0 0 1 5 "Owner-Occupied" 519357
2010 2 1 1738 8438 1 0 0 0 7 7 "Owner-Occupied" 573354
2019 2 1 1418 4942 0 0 0 0 6 6 "Rental" 359324
2014 3 2 2070 6821 1 1 0 0 9 3 "Owner-Occupied" 831321
2021 3 2 1467 5705 0 1 0 0 8 5 "Owner-Occupied" 647317
2014 4 2 2113 10832 1 1 0 0 1 10 "Owner-Occupied" 941793
2008 2 1 1742 2959 1 1 0 0 5 3 "Owner-Occupied" 716240
1998 4 2 1497 4114 0 1 0 1 8 9 "Owner-Occupied" 574796
1995 2 1 1061 5363 0 0 0 0 6 3 "Rental" 628131
1994 3 1 1950 8564 1 1 0 0 6 7 "Owner-Occupied" 526987
2019 4 2 2304 8904 1 0 0 0 1 8 "Owner-Occupied" 1400636
2018 3 2 2124 7356 1 1 0 0 7 9 "Owner-Occupied" 1047687
2001 2 1 988 2658 0 0 0 0 2 1 "Rental" 180775
2017 3 2 1808 7377 1 0 0 0 9 8 "Rental" 949685
1999 4 2 2136 6476 1 1 1 0 2 10 "Owner-Occupied" 631939
2005 4 2 2160 7586 1 1 0 0 1 5 "Owner-Occupied" 432325
2019 3 1 2024 5065 1 0 0 1 9 5 "Owner-Occupied" 856546
2019 4 2 2001 7334 1 0 0 0 1 8 "Owner-Occupied" 536504
2011 2 1 1209 3871 0 1 0 0 3 1 "Rental" 244365
1992 3 2 2087 7598 1 1 0 0 9 7 "Owner-Occupied" 620741
2010 2 1 1717 6609 1 0 0 0 8 4 "Rental" 684745
2008 2 1 1169 3152 0 0 0 0 9 2 "Rental" 705403
2014 2 1 1114 4426 0 1 0 0 6 5 "Rental" 505539
2021 2 1 1782 9809 1 0 0 0 8 7 "Owner-Occupied" 873758
1999 3 2 2287 3595 1 0 0 0 9 5 "Owner-Occupied" 706870
2015 1 1 1031 4952 0 0 0 0 7 1 "Rental" 312257
1981 1 1 978 3516 0 0 0 0 1 5 "Rental" 139525
2001 2 1 1898 9125 1 0 0 0 3 6 "Owner-Occupied" 408435
2002 3 1 1889 6667 1 1 0 0 3 6 "Owner-Occupied" 1056431
2015 6 3 2980 12695 1 1 1 0 1 10 "Owner-Occupied" 1730650
2018 3 2 2036 6972 1 0 0 0 8 5 "Owner-Occupied" 1016038
2021 2 1 1161 4705 0 0 0 0 7 2 "Rental" 362504
2021 2 1 1343 5714 0 0 0 0 2 6 "Rental" 346770
2014 4 2 2181 9700 1 1 0 0 2 10 "Owner-Occupied" 1010200
1974 4 2 1991 6096 1 1 0 0 1 9 "Owner-Occupied" 440196
2020 4 3 2098 8854 1 1 0 0 2 9 "Owner-Occupied" 682485
2017 4 2 2182 8141 1 1 0 0 4 7 "Owner-Occupied" 1238355
2018 2 1 1162 5305 0 1 0 0 3 1 "Rental" 410480
2018 3 1 1796 5167 1 1 0 0 6 5 "Owner-Occupied" 577665
2016 6 3 2329 6870 1 1 0 0 1 5 "Owner-Occupied" 673487
2014 3 1 1916 7277 1 0 0 0 5 8 "Owner-Occupied" 526895
2015 4 3 2224 7791 1 1 0 0 1 7 "Owner-Occupied" 652467
2013 3 2 1424 4992 0 0 0 0 8 2 "Rental" 832898
2017 4 3 2016 6755 1 0 0 0 3 9 "Owner-Occupied" 715096
2021 4 2 1958 6327 1 1 0 0 1 8 "Owner-Occupied" 640324
2021 2 1 1604 6296 1 0 0 0 9 2 "Owner-Occupied" 698494
2005 2 1 1211 4965 0 0 0 0 6 6 "Rental" 392674
1989 4 2 1630 6602 0 1 0 0 1 7 "Owner-Occupied" 487957
